7, 15, 12, 18, 12, 4, 15, 18, 12, 2, 17, 8, 18, 12, 1, 17, 17, 12, 8, 8, 7, 2, 7, 18, 2, 4, 17, 7, 2, 15, 15, 4, 4, 18, 2, 4, 1, 1, 18, 18, 2, 15, 4, 7, 12, 7, 18, 1, 4, 17, 8, 15, 7, 12, 1, 15, 4, 12, 2, 18, 4, 7, 15, 2, 17, 2, 4, 4, 17, 8, 18, 12, 8, 17, 17, 12, 7, 2, 12, 17, 12, 2, 15, 8, 4, 15, 17, 1, 7, 1, 8, 15, 1, 18, 17, 18, 8, 12, 15, 4, 12, 12, 7, 12, 7, 17
5 13 30 0 6, 3 15 43 0 14, 6 12 25 1 5, 7 11 39 0 11, 1 14 10 1 2, 2 15 18 1 7, 4 12 43 1 10, 8 8 47 1 9
3 4 40 1 12, 4 9 10 0 2, 5 1 33 1 11, 7 6 25 1 5, 12 4 25 0 5, 2 15 7 1 2, 6 5 38 0 8, 13 7 39 0 11, 1 5 10 1 3, 8 10 41 1 11, 14 12 40 0 14
1 2 18 1 5, 15 12 24 0 7, 2 12 30 0 6, 3 9 20 1 5, 4 5 8 1 2, 16 7 23 0 8, 13 2 22 1 7, 7 1 23 0 7, 8 6 45 0 15, 9 3 5 1 1, 10 9 33 1 9, 11 7 36 0 9, 12 14 31 1 6
7 3 22 1 7, 1 7 12 1 2, 20 6 18 0 5, 8 5 9 0 3, 21 1 32 1 9, 19 1 35 0 7, 13 9 18 1 5, 12 1 27 1 6, 10 13 11 1 4, 11 2 47 1 11, 9 6 24 0 7, 18 13 26 1 10
13 10 44 1 16, 1 4 50 0 17, 15 10 36 0 11, 12 3 43 1 10, 17 10 34 1 7, 14 14 31 0 10, 18 7 15 0 3, 16 14 28 0 6, 20 12 48 1 9
1 1 31 0 6, 8 3 18 1 3, 6 2 42 1 10, 2 15 44 0 14, 4 12 41 1 9, 9 6 5 0 1, 17 4 41 1 10, 16 7 10 0 3, 3 5 5 1 1, 18 13 19 0 7, 13 3 22 0 7, 10 4 18 1 4, 5 15 24 0 5, 7 11 15 0 4, 11 7 39 0 10, 12 10 7 0 2
7 9 47 0 12, 10 14 50 1 15, 4 7 8 1 1, 14 9 21 1 7, 5 2 12 1 4, 12 7 45 0 10, 1 11 18 1 5, 11 8 6 0 2, 13 5 10 0 2, 15 1 42 1 16, 3 6 17 0 4, 6 5 43 1 16
13 6 33 1 8, 19 1 6 1 2, 2 5 16 0 3, 1 11 44 1 10, 20 9 5 1 1, 6 13 46 1 13, 15 5 8 1 1, 18 2 15 1 5, 7 11 19 1 4, 22 6 19 0 4, 16 1 5 1 1, 17 2 42 0 9, 12 8 17 0 5
6 5 46 1 15, 1 3 8 0 2, 7 3 44 0 16, 4 5 16 1 6, 12 5 31 0 7, 13 9 26 1 7, 10 11 27 1 8, 9 15 13 0 4, 16 4 18 0 5, 17 14 35 1 10, 5 9 17 1 6, 11 10 48 0 16
