6, 10, 3, 1, 10, 3, 11, 3, 6, 6, 3, 12, 15, 12, 2, 12, 10, 2, 3, 5, 15, 3, 2, 12, 5, 11, 15, 15, 2, 6, 6, 3, 3, 3, 12, 3, 6, 15, 3, 1, 6, 10, 2, 2, 6, 10, 11, 3, 15, 3, 15, 15, 5, 2, 1, 1, 12, 5, 12, 6, 3, 5, 12, 12, 15, 6, 6, 12, 2, 11, 11, 15, 12, 3, 3, 10, 6, 1, 12, 11, 2, 1, 12, 5, 15, 2, 6, 1, 6, 12, 10, 6, 1, 12, 11, 3, 11, 11, 3, 12, 10, 6, 10, 3, 2, 5, 15
1 14 10 1 2, 4 12 43 1 10, 7 11 39 0 11, 5 13 30 0 6, 3 15 43 0 14, 2 15 18 1 7, 6 12 25 1 5, 8 8 47 1 9
4 9 10 0 2, 7 15 30 1 10, 2 8 6 0 1, 3 4 40 1 12, 13 7 39 0 11, 5 1 33 1 11, 12 4 25 0 5, 8 10 41 1 11, 1 5 10 1 3, 6 5 38 0 8, 14 10 37 1 13
16 15 44 0 15, 19 3 20 1 6, 18 6 30 0 11, 17 10 20 1 7, 6 13 5 0 1, 7 5 39 1 14, 8 1 6 0 1, 5 2 19 1 5, 1 4 29 0 11, 9 13 39 0 14, 2 12 30 0 10, 10 4 45 0 12, 4 7 13 0 3, 3 7 8 1 2, 15 1 10 0 3, 13 14 33 0 8, 11 2 29 0 8, 14 2 11 1 2, 12 12 16 0 5
1 4 29 1 10, 15 5 24 1 5, 17 3 21 1 5, 14 8 11 1 2, 16 4 20 0 5, 17 7 30 1 6, 18 7 34 0 7
16 5 31 1 8, 1 4 33 0 9, 17 12 44 0 11, 10 8 14 0 4, 2 6 19 0 6, 5 11 39 1 8, 18 10 26 1 7, 6 10 18 0 3, 7 9 17 1 5, 4 5 17 1 6, 3 5 14 0 3, 9 11 15 1 3, 15 14 13 1 3, 19 12 15 1 3, 14 7 10 1 2, 20 9 24 0 7
9 2 23 0 9, 3 13 24 1 4, 4 13 20 1 6, 5 7 35 0 13, 6 5 10 0 2, 10 3 48 0 15, 1 4 33 0 7, 2 15 20 0 6, 11 14 17 1 3
1 1 38 1 14, 8 2 6 0 1, 6 10 27 0 7, 2 15 44 1 12, 9 13 36 0 14, 7 14 42 0 13, 3 13 8 0 3, 4 5 21 1 6, 5 6 29 0 7
1 11 29 1 6, 6 2 42 1 10, 8 3 18 1 3, 13 2 26 0 7, 3 11 11 1 3, 2 8 46 0 16, 14 13 9 1 2, 4 12 41 1 9, 5 15 24 0 5, 15 9 39 1 9, 18 9 22 0 7, 9 6 5 0 1, 7 8 19 0 5, 10 4 18 1 4, 11 7 39 0 10, 12 10 7 0 2
12 7 45 0 10, 7 9 47 0 12, 1 1 20 0 5, 14 6 24 1 7, 10 14 50 1 15, 13 5 10 0 2, 11 13 7 0 2, 3 6 17 0 4, 15 12 47 0 10, 4 7 8 1 1, 5 2 12 1 4, 6 5 43 1 16
