15, 12, 7, 2, 18, 6, 18, 18, 10, 1, 6, 17, 15, 4, 17, 17, 6, 1, 4, 6, 14, 8, 14, 10, 2, 12, 14, 2, 12, 12, 15, 2, 15, 17, 7, 7, 8, 4, 12, 6, 1, 4, 8, 10, 15, 4, 7, 18, 6, 12, 7, 7, 15, 10, 14, 4, 12, 12, 18, 15, 2, 2, 6, 6, 7, 8, 10, 18, 18, 14, 17, 4, 8, 6, 12, 17, 6, 17, 1, 12, 7, 8, 18, 12, 18, 2, 7, 10, 6, 14, 17, 17, 1, 2, 7, 4, 15, 14, 18, 10, 7, 1, 4, 12, 8, 15, 15, 4, 6, 12, 8, 1, 18, 12, 2, 6, 14, 18, 14, 4, 6, 7, 17, 6, 15, 10, 17, 10, 2, 18, 12, 14, 6, 1, 12, 2, 15, 8, 14, 4, 7
5 13 30 0 6, 1 9 13 1 3, 3 15 43 0 14, 4 12 43 1 10, 6 12 25 1 5, 2 15 18 1 7, 7 11 39 0 11, 8 8 47 1 9
8 15 44 0 11, 4 6 14 1 4, 1 5 10 1 3, 5 1 33 1 11, 12 4 25 0 5, 7 15 30 1 10, 3 4 40 1 12, 2 8 6 0 1, 13 7 39 0 11, 6 5 38 0 8, 14 12 40 0 14
15 12 24 0 7, 5 3 29 1 9, 13 6 21 1 5, 16 7 23 0 8, 1 2 18 1 5, 7 10 20 1 5, 9 3 5 1 1, 10 9 33 1 9, 8 6 45 0 15, 6 4 33 0 9, 11 7 36 0 9, 12 15 29 1 8
10 8 14 0 4, 16 5 31 1 8, 3 5 14 0 3, 5 11 39 1 8, 14 7 10 1 2, 9 11 15 1 3, 1 4 33 0 9, 4 5 17 1 6, 6 10 18 0 3, 15 14 13 1 3, 18 10 26 1 7, 17 12 44 0 11, 7 9 17 1 5, 2 6 19 0 6, 19 1 18 0 6, 20 9 24 0 7
20 5 22 0 5, 10 6 8 1 1, 1 7 12 1 2, 11 2 47 1 11, 21 10 28 0 10, 8 10 10 1 3, 9 6 24 0 7, 14 11 20 0 7, 7 3 22 1 7, 19 2 31 0 11, 15 8 11 1 4, 17 7 20 0 6, 18 13 26 1 10
1 4 50 0 17, 13 10 44 1 16, 14 14 31 0 10, 15 13 38 0 10, 16 14 28 0 6, 18 5 18 0 4, 17 10 34 1 7, 12 3 43 1 10, 20 3 45 1 16
3 1 22 0 8, 2 6 27 0 8, 1 4 33 0 7, 4 13 20 1 6, 5 7 35 0 13, 6 5 10 0 2, 9 3 24 0 9, 10 12 45 0 13, 11 14 17 1 3
13 3 22 0 7, 14 1 5 1 1, 4 12 41 1 9, 8 3 18 1 3, 9 6 5 0 1, 15 9 39 1 9, 7 11 15 0 4, 18 9 22 0 7, 3 5 5 1 1, 2 15 44 0 14, 5 15 24 0 5, 1 1 31 0 6, 6 2 42 1 10, 10 4 18 1 4, 11 7 39 0 10, 12 10 7 0 2
9 12 10 1 3, 2 1 10 1 3, 11 14 43 0 13, 1 3 46 1 18, 3 4 8 1 2, 12 14 29 0 5, 10 15 25 1 9, 5 4 9 0 2, 13 10 7 0 1, 7 9 29 0 10, 8 3 8 0 2
4 7 8 1 1, 14 9 21 1 7, 7 9 47 0 12, 1 11 18 1 5, 15 1 42 1 16, 5 2 12 1 4, 13 1 9 0 2, 12 7 45 0 10, 10 14 50 1 15, 3 6 17 0 4, 11 8 6 0 2, 6 5 43 1 16
18 2 15 1 5, 1 11 44 1 10, 14 3 12 0 2, 13 6 33 1 8, 2 10 13 1 3, 7 11 19 1 4, 6 13 46 1 13, 12 8 17 0 5, 21 3 15 0 4, 17 2 42 0 9, 22 11 17 0 4
5 9 17 1 6, 1 3 8 0 2, 9 15 13 0 4, 12 13 32 1 9, 6 5 46 1 15, 7 3 44 0 16, 14 2 11 1 2, 17 3 36 0 12, 15 1 16 1 4, 4 5 16 1 6, 10 11 27 1 8, 16 15 19 1 4, 11 10 48 0 16
