2, 6, 9, 14, 16, 6, 3, 9, 3, 2, 7, 16, 6, 3, 18, 7, 9, 2, 6, 11, 3, 11, 13, 7, 14, 5, 3, 18, 13, 13, 10, 16, 6, 7, 3, 3, 3, 14, 9, 16, 16, 6, 18, 7, 18, 2, 2, 9, 16, 6, 18, 14, 7, 5, 9, 2, 3, 7, 9, 10, 2, 6, 5, 2, 6, 7, 3, 13, 11, 6, 3, 6, 7, 10, 16, 14, 18, 18, 16, 14, 5, 13, 9, 13, 10, 18, 14, 3, 6, 9, 11, 9, 11, 14, 2, 3, 9, 9, 5, 9, 14, 18, 7, 6, 11, 16, 3, 3, 3, 13, 6, 3, 10, 16, 18, 6, 11, 18, 6, 11, 2, 9, 5, 14, 7, 9, 5, 10, 14, 3, 2, 10, 3, 16, 11, 13, 16, 16, 7, 18, 10
1 14 13 1 4, 3 4 40 1 12, 8 10 41 1 11, 12 8 26 0 9, 4 6 14 1 4, 5 1 33 1 11, 2 8 6 0 1, 7 6 25 1 5, 13 7 39 0 11, 14 10 37 1 13, 6 5 38 0 8
16 15 44 0 15, 17 10 20 1 7, 18 7 29 1 6, 7 5 39 1 14, 19 3 20 1 6, 8 1 6 0 1, 4 7 13 0 3, 1 4 29 0 11, 5 2 19 1 5, 13 14 33 0 8, 2 11 27 1 6, 9 5 30 1 7, 14 2 11 1 2, 3 7 8 1 2, 15 1 10 0 3, 11 2 29 0 8, 6 13 5 0 1, 10 3 39 1 8, 12 12 16 0 5
17 7 30 1 6, 14 8 11 1 2, 1 4 29 1 10, 15 3 27 0 8, 17 3 21 1 5, 16 8 19 0 7, 18 7 34 0 7
15 14 13 1 3, 4 5 17 1 6, 17 12 44 0 11, 5 6 33 1 12, 7 9 17 1 5, 16 5 31 1 8, 18 13 29 1 7, 10 8 14 0 4, 3 5 14 0 3, 6 3 20 0 7, 19 12 15 1 3, 9 11 15 1 3, 1 4 33 0 9, 20 9 24 0 7, 2 6 19 0 6, 14 10 14 1 5
7 3 22 1 7, 8 10 10 1 3, 1 7 12 1 2, 20 11 23 0 4, 9 2 28 1 5, 11 2 47 1 11, 10 12 5 1 1, 19 2 31 0 11, 21 10 28 0 10, 12 8 30 1 7, 13 9 18 1 5, 18 13 26 1 10
2 7 21 1 4, 13 2 44 0 13, 16 4 42 1 15, 14 15 42 0 10, 1 12 21 1 6, 10 7 15 0 5, 15 5 14 1 5, 4 3 13 0 3, 7 11 9 0 2, 6 6 29 1 11, 11 15 20 1 7, 17 6 28 1 6, 5 6 5 1 1, 20 4 18 1 6, 12 4 45 1 15
3 1 22 0 8, 1 4 33 0 7, 8 12 44 0 12, 10 12 45 0 13, 2 15 20 0 6, 7 12 32 0 8, 9 2 23 0 9, 11 14 17 1 3
8 2 6 0 1, 1 6 30 1 6, 2 14 36 1 9, 3 11 9 1 2, 6 10 27 0 7, 9 13 36 0 14, 4 5 21 1 6, 5 6 29 0 7, 7 1 40 0 13
15 4 4 0 1, 1 13 50 0 19, 13 10 16 1 4, 12 13 41 1 16, 17 9 16 0 3, 14 6 13 1 3, 16 14 13 1 4, 18 15 50 1 12
9 12 10 1 3, 1 9 43 1 15, 3 7 9 1 3, 12 9 35 0 8, 5 4 9 0 2, 11 4 42 1 8, 7 9 29 0 10, 8 3 8 0 2, 2 12 13 1 3, 10 9 28 1 10, 13 6 9 1 3
18 11 18 1 7, 7 14 10 0 2, 1 2 45 1 15, 8 5 16 1 6, 6 6 5 0 1, 20 7 19 0 4, 21 14 14 0 5, 10 6 19 1 7, 9 13 15 1 4, 11 8 30 0 8, 15 2 7 0 1, 16 12 6 0 2, 17 13 19 0 3
12 5 31 0 7, 8 13 10 1 3, 4 1 13 1 4, 7 3 44 0 16, 10 11 27 1 8, 1 3 8 0 2, 11 10 48 0 16, 5 9 17 1 6, 13 3 30 1 11, 16 4 18 0 5, 6 5 46 1 15, 17 10 32 1 11
