8, 9, 5, 1, 6, 4, 13, 12, 7, 7, 18, 4, 15, 15, 7, 17, 18, 5, 8, 8, 6, 6, 6, 16, 15, 12, 14, 4, 18, 17, 6, 9, 11, 1, 16, 12, 9, 18, 4, 9, 1, 9, 8, 17, 9, 17, 7, 12, 9, 14, 6, 8, 18, 12, 16, 14, 6, 5, 11, 7, 9, 12, 13, 15, 17, 4, 17, 12, 18, 6, 18, 8, 12, 18, 13, 6, 9, 4, 8, 18, 1, 12, 11, 14, 8, 4, 8, 7, 16, 12, 15, 7, 13, 17, 4, 4, 5, 15, 13, 16, 11, 4, 14, 12, 6, 9, 1, 16, 7, 15, 5, 12, 17, 7, 17, 9, 13, 11, 9, 12, 15, 9, 14, 7, 17, 7, 4, 18, 6, 11, 6, 16, 11, 1, 14, 18, 16, 17, 4, 12, 8, 5, 14, 6, 16, 1, 14, 12, 9, 4, 13, 16, 17, 11, 8, 6, 13, 7, 9, 15, 17, 14, 16, 5, 15, 14, 11, 6, 1, 18, 8, 12, 16, 6, 16
4 12 43 1 10, 3 15 43 0 14, 7 11 39 0 11, 5 13 30 0 6, 1 14 10 1 2, 6 12 25 1 5, 2 15 18 1 7, 8 8 47 1 9
1 2 18 1 5, 13 2 22 1 7, 2 8 38 0 11, 3 9 20 1 5, 7 10 20 1 5, 4 5 8 1 2, 16 9 25 1 9, 14 10 18 0 6, 8 6 45 0 15, 9 3 5 1 1, 10 9 33 1 9, 11 7 36 0 9, 12 15 29 1 8
14 8 11 1 2, 17 3 21 1 5, 17 3 21 1 5, 1 3 35 0 8, 15 5 24 1 5, 16 8 19 0 7, 18 14 35 1 7
15 14 13 1 3, 3 5 14 0 3, 2 6 19 0 6, 5 6 33 1 12, 4 5 17 1 6, 16 4 33 0 10, 19 5 19 0 4, 17 12 44 0 11, 6 10 18 0 3, 7 9 17 1 5, 10 8 14 0 4, 18 13 29 1 7, 9 4 19 0 4, 1 4 33 0 9, 20 9 24 0 7, 14 7 10 1 2
8 5 9 0 3, 1 8 17 0 4, 9 6 24 0 7, 11 2 47 1 11, 19 2 31 0 11, 10 13 11 1 4, 12 1 27 1 6, 21 10 28 0 10, 20 6 18 0 5, 7 3 22 1 7, 13 14 20 1 5, 18 13 26 1 10
18 7 15 0 3, 17 10 34 1 7, 3 12 35 0 13, 2 8 23 1 6, 20 12 48 1 9, 4 4 11 0 3, 5 2 18 0 5, 1 4 50 0 17, 8 6 16 1 5, 7 3 35 1 8, 10 5 23 0 4, 11 1 15 0 4
10 14 10 0 2, 16 4 42 1 15, 2 7 21 1 4, 6 6 29 1 11, 20 4 18 1 6, 11 3 28 1 5, 14 15 42 0 10, 3 13 20 0 7, 7 13 5 1 1, 1 12 21 1 6, 19 2 9 0 2, 18 2 10 0 2, 13 2 44 0 13, 15 2 17 0 5, 12 4 45 1 15
7 1 40 0 13, 1 6 30 1 6, 2 14 36 1 9, 6 10 27 0 7, 8 7 8 0 3, 4 8 29 0 8, 9 13 36 0 14, 3 13 8 0 3, 5 6 29 0 7
9 6 5 0 1, 2 15 44 0 14, 3 5 5 1 1, 10 4 18 1 4, 8 3 18 1 3, 18 13 19 0 7, 6 2 42 1 10, 11 7 39 0 10, 13 3 22 0 7, 7 8 19 0 5, 5 15 24 0 5, 1 11 29 1 6, 16 7 10 0 3, 17 12 38 1 10, 4 12 41 1 9, 12 10 7 0 2
15 4 4 0 1, 16 14 13 1 4, 1 3 46 1 9, 17 8 15 0 4, 12 6 38 1 15, 14 6 13 1 3, 13 1 22 0 6, 18 2 44 1 13
1 9 43 1 15, 12 14 29 0 5, 9 12 10 1 3, 10 9 28 1 10, 3 4 8 1 2, 11 4 42 1 8, 2 1 10 1 3, 13 10 7 0 1, 5 4 9 0 2, 7 9 29 0 10, 8 3 8 0 2
7 9 47 0 12, 10 14 50 1 15, 12 7 45 0 10, 6 5 43 1 16, 2 12 41 0 13, 1 11 18 1 5, 13 1 9 0 2, 14 9 21 1 7, 11 8 6 0 2, 15 1 42 1 16
1 11 41 1 8, 6 6 5 0 1, 20 14 15 0 3, 7 5 5 0 1, 18 11 18 1 7, 8 5 16 1 6, 21 14 14 0 5, 9 10 9 0 2, 10 12 16 0 6, 11 8 30 0 8, 15 1 8 0 3, 16 9 5 0 1, 17 13 19 0 3
12 8 17 0 5, 6 13 46 1 13, 2 10 13 1 3, 1 10 46 1 10, 7 11 19 1 4, 13 6 33 1 8, 20 11 9 0 2, 15 8 7 1 1, 16 1 5 1 1, 17 2 42 0 9, 18 2 15 1 5, 19 1 6 1 2, 22 6 19 0 4
12 13 32 1 9, 4 1 13 1 4, 13 9 26 1 7, 16 4 18 0 5, 17 10 32 1 11, 1 3 8 0 2, 5 9 17 1 6, 10 11 27 1 8, 7 13 49 0 18, 6 5 46 1 15, 8 13 10 1 3, 11 10 48 0 16
