7, 16, 9, 9, 4, 8, 17, 7, 9, 18, 9, 18, 8, 16, 14, 7, 7, 4, 17, 8, 7, 18, 9, 17, 17, 13, 14, 4, 18, 18, 18, 16, 16, 9, 4, 17, 9, 14, 18, 16, 7, 7, 4, 8, 4, 14, 13, 14, 9, 17, 4, 4, 17, 9, 16, 13, 9, 7, 9, 8, 7, 13, 17, 17, 18, 4, 8, 14, 9, 7, 4, 13, 8, 13, 18, 18, 16, 8, 13, 14, 4, 17, 18, 17, 14, 8, 14, 7, 17, 16, 18, 14, 7, 9, 16, 8, 16, 4, 17, 4, 17, 16, 14, 7, 18, 13, 8, 9, 8
1 2 18 1 5, 2 12 30 0 6, 13 6 21 1 5, 3 9 20 1 5, 15 12 24 0 7, 16 7 23 0 8, 4 5 8 1 2, 7 10 20 1 5, 8 6 45 0 15, 9 3 5 1 1, 10 5 39 1 7, 11 7 36 0 9, 12 15 29 1 8
8 5 9 0 3, 1 7 12 1 2, 21 10 28 0 10, 19 1 35 0 7, 7 3 22 1 7, 20 6 18 0 5, 9 6 24 0 7, 10 12 5 1 1, 11 2 47 1 11, 14 11 20 0 7, 15 8 11 1 4, 17 4 21 0 5, 18 13 26 1 10
1 4 50 0 17, 2 8 23 1 6, 19 11 16 1 5, 17 10 34 1 7, 5 2 18 0 5, 20 3 45 1 16, 4 4 11 0 3, 8 6 16 1 5, 3 12 35 0 13, 7 3 35 1 8, 9 9 24 1 8, 11 1 15 0 4
17 15 20 1 5, 13 2 44 0 13, 20 4 18 1 6, 16 2 45 0 10, 14 15 42 0 10, 2 7 21 1 4, 3 13 20 0 7, 10 14 10 0 2, 15 5 14 1 5, 1 12 21 1 6, 11 15 20 1 7, 6 6 29 1 11, 7 13 5 1 1, 12 6 41 1 16
12 6 38 1 15, 1 11 41 0 14, 13 10 16 1 4, 17 8 15 0 4, 15 13 9 0 3, 14 1 15 1 4, 18 2 44 1 13, 16 14 13 1 4
1 9 43 1 15, 2 7 11 1 3, 10 15 25 1 9, 3 4 8 1 2, 12 9 35 0 8, 5 4 9 0 2, 11 4 42 1 8, 9 12 10 1 3, 13 10 7 0 1, 6 3 29 1 10, 8 3 8 0 2
20 14 15 0 3, 6 6 5 0 1, 13 1 50 1 16, 12 14 24 0 5, 16 9 5 0 1, 18 5 27 0 9, 1 11 41 1 8, 14 1 17 0 4, 21 14 14 0 5, 15 7 10 0 3, 17 13 19 0 3
1 11 44 1 10, 7 11 19 1 4, 14 3 12 0 2, 13 6 33 1 8, 4 13 14 1 2, 17 2 42 0 9, 18 2 15 1 5, 20 9 5 1 1, 19 1 6 1 2, 22 11 17 0 4, 3 4 11 0 4, 2 10 13 1 3, 5 7 11 1 3, 12 8 17 0 5
7 13 49 0 18, 12 5 31 0 7, 6 5 46 1 15, 4 10 18 0 7, 14 2 11 1 2, 10 15 30 1 9, 9 15 13 0 4, 15 1 16 1 4, 16 4 18 0 5, 11 10 48 0 16, 1 8 13 0 2, 5 9 17 1 6, 17 10 32 1 11
