6, 3, 4, 3, 12, 10, 2, 14, 3, 2, 12, 15, 14, 4, 11, 4, 2, 6, 3, 3, 4, 15, 6, 3, 13, 12, 11, 4, 10, 10, 1, 15, 5, 2, 14, 12, 4, 4, 1, 12, 13, 12, 3, 6, 15, 2, 6, 11, 12, 4, 3, 3, 6, 6, 15, 2, 2, 4, 5, 11, 12, 14, 15, 3, 14, 2, 12, 1, 2, 14, 10, 11, 2, 6, 13, 6, 6, 12, 12, 4, 4, 12, 14, 15, 6, 14, 13, 15, 10, 1, 2, 5, 3, 3, 3, 5, 3, 10, 3, 1, 13, 11, 13, 13, 6, 1, 4, 11, 5, 5, 3, 6, 11, 15, 1, 14, 6, 12, 10, 5, 12, 3, 10, 4, 10, 15, 15, 6, 14, 3, 6, 13, 3, 2, 12, 12, 1, 11
7 5 49 0 16, 4 12 43 1 10, 1 14 10 1 2, 2 15 18 1 7, 5 13 30 0 6, 6 12 25 1 5, 3 15 43 0 14, 8 8 47 1 9
6 1 42 1 16, 3 4 40 1 12, 5 1 33 1 11, 1 5 10 1 3, 10 14 24 1 8, 7 11 33 1 7, 4 7 20 0 5, 8 10 41 1 11, 2 8 6 0 1, 9 13 12 1 4, 11 6 38 1 11, 14 10 37 1 13
16 15 44 0 15, 17 10 20 1 7, 13 14 33 0 8, 7 5 39 1 14, 9 5 30 1 7, 10 3 39 1 8, 8 1 6 0 1, 1 4 29 0 11, 2 15 33 1 7, 3 7 8 1 2, 18 6 30 0 11, 11 2 29 0 8, 14 2 11 1 2, 19 3 20 1 6, 6 13 5 0 1, 15 1 10 0 3, 5 2 19 1 5, 4 7 13 0 3, 12 12 16 0 5
13 6 21 1 5, 3 9 20 1 5, 9 12 9 1 2, 2 8 38 0 11, 14 10 18 0 6, 16 7 23 0 8, 7 10 20 1 5, 4 5 8 1 2, 10 9 33 1 9, 8 6 45 0 15, 11 7 36 0 9, 1 2 18 1 5, 12 15 29 1 8
17 7 30 1 6, 15 5 24 1 5, 17 3 21 1 5, 14 8 11 1 2, 1 11 31 1 10, 16 4 20 0 5, 18 7 34 0 7
17 12 44 0 11, 7 9 17 1 5, 1 4 33 0 9, 2 6 19 0 6, 5 6 33 1 12, 18 10 26 1 7, 6 10 18 0 3, 8 8 38 0 10, 3 5 14 0 3, 16 5 31 1 8, 4 5 17 1 6, 9 11 15 1 3, 14 10 14 1 5, 15 14 13 1 3, 19 12 15 1 3, 20 9 24 0 7
2 15 20 0 6, 3 13 24 1 4, 4 13 20 1 6, 10 3 48 0 15, 1 1 34 1 10, 5 7 35 0 13, 6 5 10 0 2, 9 2 23 0 9, 11 14 17 1 3
8 2 6 0 1, 6 2 28 0 11, 1 6 30 1 6, 2 15 44 1 12, 9 13 36 0 14, 7 14 42 0 13, 3 13 8 0 3, 4 5 21 1 6, 5 4 31 0 7
15 9 39 1 9, 1 1 31 0 6, 8 3 18 1 3, 5 15 24 0 5, 2 15 44 0 14, 6 13 45 1 17, 9 14 7 1 2, 3 5 5 1 1, 4 12 41 1 9, 18 13 19 0 7, 13 2 26 0 7, 7 8 19 0 5, 10 4 18 1 4, 14 1 5 1 1, 11 7 39 0 10, 12 6 13 1 3
1 11 41 0 14, 12 6 38 1 15, 18 2 44 1 13, 13 10 16 1 4, 17 8 15 0 4, 15 4 4 0 1, 14 6 13 1 3, 16 14 13 1 4
4 3 18 0 6, 6 4 27 0 8, 10 15 25 1 9, 8 3 8 0 2, 5 4 9 0 2, 9 12 10 1 3, 11 4 42 1 8, 12 9 35 0 8, 1 9 43 1 15, 13 10 7 0 1
12 7 45 0 10, 1 11 18 1 5, 7 9 47 0 12, 14 9 21 1 7, 8 12 30 1 6, 15 1 42 1 16, 13 1 9 0 2, 9 8 22 1 4, 11 8 6 0 2, 2 12 41 0 13, 6 5 43 1 16
