12, 1, 3, 12, 11, 8, 17, 16, 15, 1, 18, 9, 6, 12, 3, 17, 14, 18, 9, 10, 6, 12, 18, 3, 7, 3, 2, 12, 4, 3, 3, 1, 9, 4, 18, 17, 16, 12, 16, 12, 4, 13, 16, 18, 3, 7, 8, 13, 2, 17, 15, 3, 6, 17, 6, 12, 2, 17, 6, 16, 4, 8, 9, 12, 4, 12, 1, 17, 17, 14, 6, 6, 3, 11, 4, 9, 13, 15, 18, 14, 18, 15, 3, 7, 3, 6, 1, 7, 9, 10, 18, 9, 16, 11, 4, 10, 17, 7, 7, 3, 15, 7, 5, 9, 11, 8, 16, 13, 4, 2, 14, 8, 11, 5, 9, 4, 11, 15, 10, 15, 12, 2, 14, 12, 9, 16, 18, 6, 13, 3, 14, 10, 7, 17, 15, 2, 15, 9, 5, 3, 8, 4, 7, 3, 7, 15, 3, 18, 13, 2, 6, 16, 12, 13, 4, 9, 8, 1, 16, 17, 7, 1, 16, 11, 2, 12, 14, 5, 2, 10, 6, 14, 17, 15, 15, 9, 18, 4, 4, 6, 5, 16, 13, 3, 5, 9, 6, 8, 6, 10, 1, 8, 2, 14, 12, 9, 3, 11, 17, 14, 6, 17, 7, 6, 11, 5, 16, 3, 10, 14, 18, 2, 12
1 14 10 1 2, 2 15 18 1 7, 5 13 30 0 6, 3 15 43 0 14, 6 12 25 1 5, 4 12 43 1 10, 7 11 39 0 11, 8 8 47 1 9
8 10 41 1 11, 14 10 37 1 13, 12 8 26 0 9, 5 1 33 1 11, 13 7 39 0 11, 3 4 40 1 12, 4 9 10 0 2, 2 8 6 0 1, 1 5 10 1 3, 7 6 25 1 5, 6 5 38 0 8
17 10 20 1 7, 6 13 5 0 1, 18 7 29 1 6, 1 4 29 0 11, 5 5 31 1 9, 4 7 13 0 3, 19 3 20 1 6, 7 5 39 1 14, 2 11 27 1 6, 15 1 10 0 3, 16 15 44 0 15, 11 2 29 0 8, 8 1 6 0 1, 3 7 8 1 2, 9 5 30 1 7, 13 15 35 1 10, 10 3 39 1 8, 14 2 11 1 2, 12 1 19 0 7
16 7 23 0 8, 15 12 24 0 7, 13 1 28 0 7, 1 2 18 1 5, 2 12 30 0 6, 7 10 20 1 5, 8 6 45 0 15, 10 9 33 1 9, 3 9 20 1 5, 4 5 8 1 2, 9 3 5 1 1, 11 7 36 0 9, 12 15 29 1 8
15 5 24 1 5, 1 5 36 0 9, 14 8 11 1 2, 17 3 21 1 5, 17 3 21 1 5, 16 13 14 1 5, 18 7 34 0 7
17 12 44 0 11, 2 3 21 0 5, 9 11 15 1 3, 1 3 38 0 9, 16 4 33 0 10, 5 3 36 0 10, 18 10 26 1 7, 6 10 18 0 3, 3 5 14 0 3, 8 8 38 0 10, 4 5 17 1 6, 19 12 15 1 3, 15 13 16 0 3, 7 9 17 1 5, 14 7 10 1 2, 20 9 24 0 7
19 2 31 0 11, 1 7 12 1 2, 11 2 47 1 11, 8 5 9 0 3, 20 6 18 0 5, 7 3 22 1 7, 9 6 24 0 7, 10 12 5 1 1, 21 1 32 1 9, 12 8 30 1 7, 13 14 20 1 5, 18 13 26 1 10
18 7 15 0 3, 15 13 38 0 10, 12 10 49 0 16, 14 14 31 0 10, 1 4 50 0 17, 20 3 45 1 16, 13 10 44 1 16, 17 10 34 1 7, 16 14 28 0 6
1 12 21 1 6, 16 4 42 1 15, 17 1 27 1 10, 13 2 44 0 13, 14 4 47 1 16, 4 3 13 0 3, 11 11 22 0 5, 5 6 5 1 1, 6 6 29 1 11, 7 13 5 1 1, 2 7 21 1 4, 10 4 19 0 5, 20 12 25 1 6, 15 14 18 1 6, 12 6 41 1 16
10 12 45 0 13, 2 6 27 0 8, 3 1 22 0 8, 7 12 32 0 8, 8 12 44 0 12, 9 6 21 1 5, 1 4 33 0 7, 11 14 17 1 3
8 7 8 0 3, 2 8 40 0 14, 9 9 39 0 7, 1 6 30 1 6, 6 10 27 0 7, 4 8 29 0 8, 3 13 8 0 3, 7 1 40 0 13, 5 6 29 0 7
10 4 18 1 4, 12 10 7 0 2, 8 3 18 1 3, 13 2 26 0 7, 9 6 5 0 1, 11 7 39 0 10, 16 7 10 0 3, 3 11 11 1 3, 1 11 29 1 6, 17 12 38 1 10, 6 13 45 1 17, 5 15 24 0 5, 2 15 44 0 14, 18 13 19 0 7, 4 12 41 1 9, 7 11 15 0 4
12 6 38 1 15, 14 6 13 1 3, 1 11 41 0 14, 13 9 21 1 6, 15 4 4 0 1, 17 8 15 0 4, 18 2 44 1 13, 16 14 13 1 4
1 9 43 1 15, 2 12 13 1 3, 10 15 25 1 9, 9 12 10 1 3, 11 4 42 1 8, 12 14 29 0 5, 3 4 8 1 2, 5 4 9 0 2, 7 9 29 0 10, 13 10 7 0 1, 8 2 9 1 2
3 6 17 0 4, 10 14 50 1 15, 14 6 24 1 7, 7 9 47 0 12, 11 13 7 0 2, 12 5 48 0 18, 13 5 10 0 2, 1 11 18 1 5, 5 2 12 1 4, 4 7 8 1 1, 15 1 42 1 16, 6 5 43 1 16
1 11 41 1 8, 8 5 16 1 6, 11 7 39 1 12, 6 12 10 0 2, 9 10 9 0 2, 21 14 14 0 5, 15 4 6 1 2, 20 14 15 0 3, 7 14 10 0 2, 10 11 11 0 3, 18 11 18 1 7, 16 9 5 0 1, 17 8 24 1 5
14 6 14 1 4, 22 11 17 0 4, 19 1 6 1 2, 2 5 16 0 3, 20 9 5 1 1, 18 2 15 1 5, 3 4 11 0 4, 4 12 13 0 3, 7 11 19 1 4, 1 10 46 1 10, 13 6 33 1 8, 17 2 42 0 9, 5 7 11 1 3, 12 8 17 0 5
8 13 10 1 3, 1 3 8 0 2, 6 8 47 1 15, 12 5 31 0 7, 10 11 27 1 8, 4 1 13 1 4, 5 9 17 1 6, 7 3 44 0 16, 13 9 26 1 7, 17 10 32 1 11, 16 15 19 1 4, 11 10 48 0 16
