3, 2, 10, 18, 3, 4, 5, 14, 3, 2, 4, 13, 17, 16, 8, 6, 9, 9, 8, 14, 17, 3, 11, 13, 3, 16, 18, 4, 3, 4, 12, 3, 18, 6, 3, 12, 5, 10, 3, 11, 12, 6, 2, 3, 12, 6, 17, 18, 2, 4, 17, 17, 4, 8, 18, 16, 9, 16, 17, 2, 12, 18, 5, 14, 6, 6, 12, 5, 11, 9, 9, 17, 14, 18, 4, 2, 8, 11, 10, 9, 18, 8, 16, 6, 6, 4, 12, 3, 4, 10, 17, 14, 12, 14, 9, 8, 17, 11, 18, 3, 18, 3, 5, 12, 3, 14, 17, 3, 2, 12, 16, 13, 8, 13, 6, 4, 16, 9, 10, 10, 9, 5, 17, 2, 6, 13, 18, 18, 4, 12, 14, 13, 16, 11, 12, 10, 12, 9, 2, 6, 3, 17, 8, 2, 16, 11, 18, 11, 3, 9, 8, 12, 9, 4, 13, 6, 3, 17, 11, 2, 12, 9, 6, 14, 6, 16, 8, 9, 4, 10, 5, 16, 6, 13, 12, 17, 8, 14, 14, 3, 6
2 8 6 0 1, 13 7 39 0 11, 8 10 41 1 11, 4 9 10 0 2, 12 4 25 0 5, 3 4 40 1 12, 14 10 37 1 13, 5 1 33 1 11, 1 8 16 0 5, 7 6 25 1 5, 6 5 38 0 8
19 14 34 0 13, 16 15 44 0 15, 5 2 19 1 5, 17 10 20 1 7, 6 13 5 0 1, 7 5 39 1 14, 3 6 9 0 2, 14 2 11 1 2, 8 12 9 0 3, 9 5 30 1 7, 18 7 29 1 6, 1 4 29 0 11, 4 7 13 0 3, 10 3 39 1 8, 11 2 29 0 8, 15 1 10 0 3, 2 11 27 1 6, 13 14 33 0 8, 12 14 21 1 4
1 2 18 1 5, 2 12 30 0 6, 3 9 20 1 5, 13 6 21 1 5, 11 7 36 0 9, 4 5 8 1 2, 7 10 20 1 5, 15 12 24 0 7, 9 3 5 1 1, 16 7 23 0 8, 8 6 45 0 15, 10 9 33 1 9, 12 15 29 1 8
15 5 24 1 5, 17 2 27 0 7, 17 3 21 1 5, 1 3 35 0 8, 16 13 14 1 5, 14 8 11 1 2, 18 7 34 0 7
5 11 39 1 8, 16 5 31 1 8, 9 11 15 1 3, 20 11 25 0 8, 1 4 33 0 9, 2 6 19 0 6, 6 3 20 0 7, 4 5 17 1 6, 19 12 15 1 3, 17 12 44 0 11, 7 9 17 1 5, 15 13 16 0 3, 18 10 26 1 7, 10 15 17 1 5, 3 5 14 0 3, 14 7 10 1 2
1 4 50 0 17, 3 12 35 0 13, 7 1 38 1 14, 2 15 21 1 6, 6 13 33 0 13, 17 10 34 1 7, 8 6 16 1 5, 10 5 23 0 4, 18 7 15 0 3, 20 3 45 1 16, 11 1 15 0 4
16 2 45 0 10, 13 2 44 0 13, 1 13 28 0 6, 3 10 25 0 8, 10 5 14 0 3, 2 7 21 1 4, 6 6 29 1 11, 17 15 20 1 5, 11 11 22 0 5, 7 13 5 1 1, 14 15 42 0 10, 15 9 21 0 5, 20 4 18 1 6, 12 6 41 1 16
3 13 24 1 4, 2 15 20 0 6, 8 12 44 0 12, 7 12 32 0 8, 10 12 45 0 13, 9 9 19 1 6, 1 1 34 1 10, 11 14 17 1 3
1 6 30 1 6, 4 13 27 0 10, 2 8 40 0 14, 8 2 6 0 1, 6 10 27 0 7, 7 1 40 0 13, 3 3 11 0 4, 9 13 36 0 14, 5 6 29 0 7
15 9 39 1 9, 1 11 29 1 6, 5 15 24 0 5, 2 15 44 0 14, 8 3 18 1 3, 6 2 42 1 10, 13 3 22 0 7, 9 6 5 0 1, 18 13 19 0 7, 10 4 18 1 4, 7 11 15 0 4, 11 7 39 0 10, 14 8 8 1 1, 3 5 5 1 1, 4 12 41 1 9, 12 10 7 0 2
13 10 16 1 4, 12 4 44 1 11, 18 15 50 1 12, 14 6 13 1 3, 15 13 9 0 3, 17 8 15 0 4, 1 11 41 0 14, 16 11 18 0 7
9 12 10 1 3, 12 14 29 0 5, 7 5 30 0 10, 10 15 25 1 9, 1 9 43 1 15, 11 4 42 1 8, 8 3 8 0 2, 2 2 17 0 5, 5 4 9 0 2, 3 8 10 0 3, 13 10 7 0 1
12 8 27 0 7, 14 1 17 0 4, 15 1 8 0 3, 1 11 41 1 8, 18 11 18 1 7, 20 15 23 1 6, 21 14 14 0 5, 16 9 5 0 1, 13 8 49 0 19, 6 12 10 0 2, 17 13 19 0 3
15 8 7 1 1, 18 10 18 0 6, 5 7 11 1 3, 3 4 11 0 4, 21 3 15 0 4, 13 6 33 1 8, 4 12 13 0 3, 7 11 19 1 4, 1 11 44 1 10, 16 1 5 1 1, 22 14 20 1 7, 2 10 13 1 3, 17 2 42 0 9, 12 8 17 0 5
12 5 31 0 7, 7 3 44 0 16, 15 1 16 1 4, 8 13 10 1 3, 16 4 18 0 5, 10 11 27 1 8, 2 6 12 1 4, 6 5 46 1 15, 1 3 8 0 2, 14 2 11 1 2, 3 2 21 1 7, 11 10 48 0 16, 17 14 35 1 10
