7, 14, 11, 2, 16, 17, 2, 4, 1, 17, 4, 10, 8, 8, 7, 14, 8, 10, 4, 16, 13, 13, 16, 10, 2, 8, 11, 17, 7, 4, 11, 16, 14, 13, 7, 4, 1, 11, 8, 7, 7, 7, 2, 17, 5, 11, 2, 5, 14, 16, 4, 17, 10, 16, 2, 8, 4, 8, 16, 13, 13, 5, 16, 1, 7, 2, 10, 4, 16, 1, 14, 10, 8, 17, 17, 14, 4, 1, 14, 7, 4, 16, 1, 7, 13, 5, 2, 11, 11, 11, 2, 4, 8, 13, 10, 8, 2, 14, 17, 7, 16, 5, 1, 17, 4, 17, 10, 17, 13, 14, 2, 14, 5, 10, 5, 11, 1, 16, 14, 7, 4, 16, 17, 8
5 13 30 0 6, 6 12 25 1 5, 7 11 39 0 11, 3 15 43 0 14, 1 14 10 1 2, 4 12 43 1 10, 2 15 18 1 7, 8 8 47 1 9
2 15 7 1 2, 8 10 41 1 11, 5 1 33 1 11, 3 4 40 1 12, 12 4 25 0 5, 1 5 10 1 3, 13 7 39 0 11, 4 9 10 0 2, 7 11 33 1 7, 6 5 38 0 8, 14 12 40 0 14
15 12 24 0 7, 16 9 25 1 9, 3 9 20 1 5, 13 6 21 1 5, 1 2 18 1 5, 7 10 20 1 5, 2 12 30 0 6, 9 3 5 1 1, 10 5 39 1 7, 4 5 8 1 2, 8 6 45 0 15, 11 7 36 0 9, 12 15 29 1 8
15 5 24 1 5, 17 2 27 0 7, 17 2 27 0 7, 1 3 35 0 8, 16 13 14 1 5, 14 8 11 1 2, 18 7 34 0 7
7 3 22 1 7, 20 5 22 0 5, 8 10 10 1 3, 21 10 28 0 10, 1 7 12 1 2, 10 12 5 1 1, 12 1 27 1 6, 9 6 24 0 7, 19 2 31 0 11, 11 2 47 1 11, 13 9 18 1 5, 18 5 30 1 10
1 4 50 0 17, 2 8 23 1 6, 3 12 35 0 13, 8 15 17 1 3, 10 5 23 0 4, 19 11 16 1 5, 17 10 34 1 7, 6 13 33 0 13, 7 3 35 1 8, 20 3 45 1 16, 11 1 15 0 4
3 1 22 0 8, 1 2 39 1 8, 10 3 48 0 15, 2 15 20 0 6, 6 5 10 0 2, 5 7 35 0 13, 4 13 20 1 6, 9 2 23 0 9, 11 14 17 1 3
8 2 6 0 1, 4 8 29 0 8, 2 14 36 1 9, 9 13 36 0 14, 5 6 29 0 7, 1 6 30 1 6, 3 11 9 1 2, 6 10 27 0 7, 7 1 40 0 13
17 8 15 0 4, 18 2 44 1 13, 14 6 13 1 3, 1 13 50 0 19, 13 10 16 1 4, 15 4 4 0 1, 12 4 44 1 11, 16 11 18 0 7
8 3 8 0 2, 7 5 30 0 10, 9 5 18 1 5, 1 9 43 1 15, 10 15 25 1 9, 12 14 29 0 5, 2 1 10 1 3, 3 7 9 1 3, 11 4 42 1 8, 5 4 9 0 2, 13 10 7 0 1
1 11 41 1 8, 6 6 5 0 1, 18 11 18 1 7, 20 14 15 0 3, 7 6 9 1 2, 8 5 16 1 6, 9 10 9 0 2, 21 14 14 0 5, 10 11 11 0 3, 11 8 30 0 8, 15 1 8 0 3, 16 9 5 0 1, 17 15 23 0 5
13 6 33 1 8, 2 5 16 0 3, 6 13 46 1 13, 21 3 15 0 4, 7 11 19 1 4, 16 1 5 1 1, 1 11 44 1 10, 12 8 17 0 5, 15 5 8 1 1, 18 10 18 0 6, 17 2 42 0 9, 22 11 17 0 4
