3, 12, 12, 6, 11, 2, 12, 15, 3, 9, 2, 12, 3, 8, 11, 17, 9, 9, 15, 9, 8, 6, 8, 6, 18, 8, 8, 9, 14, 3, 15, 17, 6, 3, 6, 11, 2, 11, 17, 14, 18, 18, 14, 15, 9, 17, 3, 18, 5, 12, 12, 18, 11, 12, 6, 2, 17, 2, 3, 18, 9, 2, 2, 15, 8, 6, 9, 14, 9, 12, 3, 12, 3, 6, 17, 15, 15, 15, 2, 12, 17, 6, 18, 5, 15, 3, 3, 3, 3, 12, 2, 8, 12, 11, 5, 3, 6, 3, 3, 5, 18, 5, 15, 8, 9, 6, 14, 17, 9, 9, 12, 14, 5, 8, 14, 3, 18, 15, 12, 2, 9, 18, 17, 14, 15, 11, 6, 17, 17, 5, 17, 11, 2, 9, 12, 15, 6, 14, 6, 18, 8, 3, 8, 6, 17, 2, 17, 3, 12, 6, 17, 14, 14, 11, 9, 18
5 1 33 1 11, 6 5 38 0 8, 3 4 40 1 12, 4 12 13 1 2, 9 2 10 1 3, 10 14 24 1 8, 1 8 16 0 5, 7 6 25 1 5, 2 8 6 0 1, 11 6 38 1 11, 8 10 41 1 11, 14 10 37 1 13
7 6 44 1 11, 17 10 20 1 7, 13 14 33 0 8, 16 15 44 0 15, 10 3 39 1 8, 18 7 29 1 6, 1 4 29 0 11, 19 3 20 1 6, 3 6 9 0 2, 8 12 9 0 3, 5 2 19 1 5, 11 2 29 0 8, 14 2 11 1 2, 6 1 13 1 3, 2 11 27 1 6, 15 14 16 1 4, 4 7 13 0 3, 9 5 30 1 7, 12 4 20 1 4
15 5 24 1 5, 17 3 21 1 5, 17 3 21 1 5, 14 8 11 1 2, 1 4 29 1 10, 16 13 14 1 5, 18 7 34 0 7
5 11 39 1 8, 15 2 14 0 4, 1 4 33 0 9, 16 5 31 1 8, 6 3 20 0 7, 3 5 14 0 3, 19 12 15 1 3, 17 1 47 0 13, 8 8 38 0 10, 18 10 26 1 7, 2 6 19 0 6, 20 9 24 0 7, 4 5 17 1 6, 7 15 24 0 8, 9 11 15 1 3, 14 7 10 1 2
1 4 50 0 17, 2 15 21 1 6, 7 1 38 1 14, 8 6 16 1 5, 3 12 35 0 13, 17 10 34 1 7, 18 5 18 0 4, 10 14 26 1 8, 20 3 45 1 16, 6 4 36 1 10, 11 1 15 0 4
11 3 28 1 5, 2 7 21 1 4, 19 13 10 0 3, 20 4 18 1 6, 13 2 44 0 13, 3 13 20 0 7, 16 2 45 0 10, 18 2 10 0 2, 6 5 39 0 12, 1 5 31 0 10, 14 15 42 0 10, 10 14 10 0 2, 7 13 5 1 1, 12 6 41 1 16, 15 5 14 1 5
8 2 6 0 1, 6 10 27 0 7, 1 6 30 1 6, 2 14 36 1 9, 7 1 40 0 13, 9 13 36 0 14, 3 12 12 1 3, 4 5 21 1 6, 5 6 29 0 7
12 10 7 0 2, 4 12 41 1 9, 9 14 7 1 2, 11 7 39 0 10, 10 4 18 1 4, 1 11 29 1 6, 5 15 24 0 5, 15 9 39 1 9, 13 3 22 0 7, 2 15 44 0 14, 3 5 5 1 1, 18 13 19 0 7, 8 3 18 1 3, 14 13 9 1 2, 6 2 42 1 10, 7 11 15 0 4
12 14 29 0 5, 5 4 9 0 2, 1 9 43 1 15, 10 9 28 1 10, 13 10 7 0 1, 11 4 42 1 8, 9 12 10 1 3, 2 1 10 1 3, 3 4 8 1 2, 7 9 29 0 10, 8 3 8 0 2
7 9 47 0 12, 9 2 18 0 3, 14 9 21 1 7, 1 11 18 1 5, 8 12 30 1 6, 3 6 17 0 4, 4 7 8 1 1, 5 2 12 1 4, 12 7 45 0 10, 13 1 9 0 2, 6 5 43 1 16, 11 8 6 0 2, 15 1 42 1 16
17 2 42 0 9, 20 9 5 1 1, 1 11 44 1 10, 13 6 33 1 8, 2 10 13 1 3, 15 8 7 1 1, 18 2 15 1 5, 16 1 5 1 1, 3 4 11 0 4, 7 11 19 1 4, 4 12 13 0 3, 19 1 6 1 2, 22 11 17 0 4, 5 7 11 1 3, 12 4 21 1 6
7 3 44 0 16, 1 8 13 0 2, 12 5 31 0 7, 9 8 16 0 5, 6 5 46 1 15, 10 11 27 1 8, 11 13 50 1 12, 5 9 17 1 6, 4 1 13 1 4, 13 9 26 1 7, 16 15 19 1 4, 17 10 32 1 11
