4, 7, 8, 16, 13, 4, 4, 7, 8, 1, 14, 5, 14, 8, 13, 7, 4, 14, 4, 16, 10, 7, 8, 7, 1, 16, 7, 10, 4, 8, 1, 5, 16, 16, 10, 7, 4, 13, 7, 1, 1, 10, 16, 7, 16, 13, 5, 5, 13, 8, 5, 4, 16, 14, 10, 4, 8, 1, 8, 16, 1, 10, 7, 5, 14, 14, 4, 14, 14, 16, 16, 7, 4, 4, 10, 13, 8, 7, 10, 13, 4, 8, 7, 13, 14, 14, 16, 1, 5, 8, 14, 10, 16
4 12 43 1 10, 1 14 10 1 2, 3 15 43 0 14, 5 13 30 0 6, 7 11 39 0 11, 2 15 18 1 7, 6 4 32 1 11, 8 8 47 1 9
16 7 23 0 8, 1 2 18 1 5, 13 6 21 1 5, 15 12 24 0 7, 2 12 30 0 6, 3 9 20 1 5, 4 5 8 1 2, 7 10 20 1 5, 8 6 45 0 15, 9 3 5 1 1, 10 9 33 1 9, 11 7 36 0 9, 12 15 29 1 8
15 3 27 0 8, 17 3 21 1 5, 1 3 35 0 8, 14 10 17 0 5, 16 8 19 0 7, 17 3 21 1 5, 18 7 34 0 7
7 3 22 1 7, 15 8 11 1 4, 8 10 10 1 3, 19 2 31 0 11, 9 6 24 0 7, 11 2 47 1 11, 17 7 20 0 6, 1 7 12 1 2, 10 12 5 1 1, 14 7 22 1 5, 20 11 23 0 4, 21 10 28 0 10, 18 13 26 1 10
1 4 50 0 17, 2 15 21 1 6, 18 7 15 0 3, 17 2 39 0 12, 20 12 48 1 9, 3 12 35 0 13, 6 13 33 0 13, 7 3 35 1 8, 8 15 17 1 3, 10 5 23 0 4, 11 1 15 0 4
3 1 22 0 8, 5 7 35 0 13, 1 4 33 0 7, 6 5 10 0 2, 2 15 20 0 6, 4 10 22 0 6, 9 9 19 1 6, 10 12 45 0 13, 11 14 17 1 3
17 8 15 0 4, 15 13 9 0 3, 13 10 16 1 4, 1 11 41 0 14, 12 6 38 1 15, 18 2 44 1 13, 14 4 18 1 5, 16 14 13 1 4
10 15 25 1 9, 1 9 43 1 15, 12 14 29 0 5, 2 1 10 1 3, 5 4 9 0 2, 11 4 42 1 8, 9 5 18 1 5, 13 10 7 0 1, 3 8 10 0 3, 7 9 29 0 10, 8 2 9 1 2
6 6 5 0 1, 1 11 41 1 8, 7 5 5 0 1, 18 11 18 1 7, 11 8 30 0 8, 16 9 5 0 1, 8 5 16 1 6, 10 13 20 1 4, 20 15 23 1 6, 21 14 14 0 5, 15 4 6 1 2, 9 13 15 1 4, 17 13 19 0 3
