3, 3, 3, 6, 12, 17, 6, 9, 9, 12, 18, 15, 12, 2, 12, 6, 9, 6, 2, 17, 17, 15, 2, 15, 3, 12, 12, 3, 17, 9, 18, 15, 9, 3, 3, 2, 2, 3, 15, 18, 9, 11, 18, 12, 17, 12, 11, 9, 18, 3, 11, 17, 6, 9, 6, 3, 18, 6, 17, 6, 11, 18, 9, 6, 3, 15, 3, 17, 17, 9, 12, 15, 12, 3, 18, 15, 17, 3, 2, 6, 3, 3, 2, 12, 17, 6, 11, 3, 18, 15, 18, 2, 9, 17, 11, 2, 17, 2, 12, 3, 9, 11, 6, 15, 15, 11, 17, 18, 12, 12, 9, 6, 3, 11, 17, 2, 18, 12, 6, 9, 6, 12, 6, 9
8 10 41 1 11, 7 6 25 1 5, 4 9 10 0 2, 14 10 37 1 13, 12 12 30 0 6, 5 1 33 1 11, 3 4 40 1 12, 13 7 39 0 11, 1 14 13 1 4, 2 8 6 0 1, 6 1 42 1 16
1 4 29 0 11, 2 11 27 1 6, 17 10 20 1 7, 16 15 44 0 15, 5 2 19 1 5, 6 13 5 0 1, 3 7 8 1 2, 7 5 39 1 14, 4 2 18 0 4, 15 1 10 0 3, 8 1 6 0 1, 9 5 30 1 7, 18 7 29 1 6, 10 3 39 1 8, 19 3 20 1 6, 13 14 33 0 8, 14 2 11 1 2, 11 2 29 0 8, 12 12 16 0 5
2 2 22 0 7, 16 5 31 1 8, 5 3 36 0 10, 4 8 20 0 5, 3 5 14 0 3, 1 4 33 0 9, 10 8 14 0 4, 18 9 30 1 10, 6 10 18 0 3, 17 12 44 0 11, 19 12 15 1 3, 15 14 13 1 3, 7 9 17 1 5, 9 11 15 1 3, 20 9 24 0 7, 14 7 10 1 2
1 12 21 1 6, 16 4 42 1 15, 18 2 10 0 2, 2 7 21 1 4, 10 14 10 0 2, 13 2 44 0 13, 14 14 44 0 9, 6 6 29 1 11, 11 10 27 1 6, 3 13 20 0 7, 19 2 9 0 2, 12 4 45 1 15, 7 13 5 1 1, 20 4 18 1 6, 15 14 18 1 6
1 6 30 1 6, 2 14 36 1 9, 6 2 28 0 11, 3 13 8 0 3, 8 14 7 1 1, 9 13 36 0 14, 4 5 21 1 6, 5 6 29 0 7, 7 1 40 0 13
13 2 26 0 7, 9 6 5 0 1, 17 12 38 1 10, 1 1 31 0 6, 10 4 18 1 4, 8 3 18 1 3, 16 7 10 0 3, 5 15 24 0 5, 18 13 19 0 7, 6 13 45 1 17, 2 15 44 0 14, 3 5 5 1 1, 12 6 13 1 3, 11 7 39 0 10, 4 12 41 1 9, 7 11 15 0 4
13 1 9 0 2, 12 7 45 0 10, 9 8 22 1 4, 15 1 42 1 16, 8 12 30 1 6, 2 12 41 0 13, 11 8 6 0 2, 14 9 21 1 7, 7 9 47 0 12, 1 11 18 1 5, 6 5 43 1 16
7 11 19 1 4, 19 1 6 1 2, 16 1 5 1 1, 18 2 15 1 5, 13 6 33 1 8, 4 13 14 1 2, 5 7 11 1 3, 1 10 46 1 10, 12 8 17 0 5, 2 10 13 1 3, 3 4 11 0 4, 17 2 42 0 9, 15 8 7 1 1, 20 11 9 0 2, 22 11 17 0 4
7 3 44 0 16, 12 13 32 1 9, 1 3 8 0 2, 5 9 17 1 6, 13 3 30 1 11, 16 4 18 0 5, 9 15 13 0 4, 10 3 28 0 8, 6 8 47 1 15, 4 1 13 1 4, 11 10 48 0 16, 17 10 32 1 11
