3, 10, 9, 9, 9, 11, 6, 3, 11, 6, 9, 3, 13, 6, 11, 3, 3, 9, 16, 6, 16, 14, 9, 13, 6, 6, 3, 3, 11, 14, 5, 11, 9, 16, 14, 6, 3, 9, 11, 9, 9, 6, 5, 3, 16, 11, 3, 6, 6, 9, 9, 16, 11, 5, 10, 9, 6, 3, 14, 3, 16, 6, 13, 16, 13, 10, 14, 9, 3, 5, 13, 16, 14, 16, 5, 14, 3, 5, 9, 16, 3, 6, 10, 6, 5, 14, 10, 11, 13, 10, 10, 16, 3, 16, 6, 3, 3, 14, 14, 6, 13, 10, 16, 3, 13
1 4 29 0 11, 19 3 20 1 6, 16 15 44 0 15, 9 5 30 1 7, 18 6 30 0 11, 7 5 39 1 14, 2 12 30 0 10, 10 3 39 1 8, 3 6 9 0 2, 5 2 19 1 5, 13 14 33 0 8, 17 10 20 1 7, 4 7 13 0 3, 8 1 6 0 1, 11 2 29 0 8, 6 13 5 0 1, 15 1 10 0 3, 14 2 11 1 2, 12 12 16 0 5
15 5 24 1 5, 1 4 29 1 10, 17 3 21 1 5, 17 3 21 1 5, 14 2 14 0 3, 16 13 14 1 5, 18 7 34 0 7
15 2 14 0 4, 5 11 39 1 8, 1 4 33 0 9, 6 10 18 0 3, 17 12 44 0 11, 18 10 26 1 7, 2 3 21 0 5, 16 5 31 1 8, 19 12 15 1 3, 10 10 19 1 6, 3 5 14 0 3, 7 3 21 1 6, 9 11 15 1 3, 20 11 25 0 8, 4 5 17 1 6, 14 7 10 1 2
18 7 12 1 3, 16 4 42 1 15, 2 7 21 1 4, 19 2 9 0 2, 13 2 44 0 13, 20 4 18 1 6, 14 15 42 0 10, 3 13 20 0 7, 6 1 37 1 11, 10 14 10 0 2, 15 5 14 1 5, 1 9 27 0 8, 7 13 5 1 1, 11 15 20 1 7, 12 6 41 1 16
2 15 20 0 6, 3 1 22 0 8, 7 8 39 1 13, 8 12 44 0 12, 9 9 19 1 6, 10 12 45 0 13, 1 4 33 0 7, 11 14 17 1 3
6 2 28 0 11, 8 2 6 0 1, 3 3 11 0 4, 4 14 25 1 8, 5 6 29 0 7, 1 6 30 1 6, 2 5 39 0 11, 9 13 36 0 14, 7 1 40 0 13
13 10 16 1 4, 17 8 15 0 4, 14 6 13 1 3, 12 6 38 1 15, 1 11 41 0 14, 18 15 50 1 12, 15 4 4 0 1, 16 14 13 1 4
4 3 18 0 6, 1 9 43 1 15, 10 15 25 1 9, 13 10 7 0 1, 9 12 10 1 3, 12 9 35 0 8, 11 14 43 0 13, 5 4 9 0 2, 7 9 29 0 10, 8 3 8 0 2
21 14 14 0 5, 18 10 24 0 9, 7 5 5 0 1, 8 5 16 1 6, 9 10 9 0 2, 20 14 15 0 3, 10 6 19 1 7, 11 8 30 0 8, 1 11 41 1 8, 6 6 5 0 1, 15 4 6 1 2, 16 9 5 0 1, 17 13 19 0 3
