9, 13, 18, 8, 6, 4, 6, 9, 7, 16, 18, 5, 18, 17, 15, 4, 4, 9, 8, 15, 6, 14, 17, 6, 14, 6, 13, 9, 15, 7, 13, 17, 7, 16, 8, 9, 6, 5, 18, 16, 18, 4, 7, 16, 9, 7, 9, 18, 18, 18, 17, 4, 14, 4, 7, 4, 9, 6, 17, 16, 16, 7, 8, 15, 9, 17, 17, 14, 8, 14, 4, 6, 5, 15, 17, 13, 17, 8, 16, 6, 13, 8, 9, 6, 9, 17, 18, 9, 5, 7, 18, 4, 6, 15, 16, 7, 14, 7, 5, 6, 4, 13, 15, 5, 4, 16, 15, 7, 16, 5, 5, 16, 7, 15, 8, 17, 6, 6, 18, 13, 9, 8, 7, 14, 17, 14, 9, 4, 6, 16, 8, 9, 14, 9, 14, 4, 18, 17, 15, 14, 8, 6, 16, 13, 5
15 12 24 0 7, 1 2 18 1 5, 13 1 28 0 7, 3 9 20 1 5, 16 7 23 0 8, 4 5 8 1 2, 2 8 38 0 11, 7 10 20 1 5, 8 6 45 0 15, 9 3 5 1 1, 10 9 33 1 9, 11 7 36 0 9, 12 15 29 1 8
14 8 11 1 2, 17 7 30 1 6, 15 3 27 0 8, 2 1 40 1 15, 3 15 13 0 3, 17 3 21 1 5, 1 4 29 1 10, 16 13 14 1 5, 18 7 34 0 7
16 4 33 0 10, 14 7 10 1 2, 2 2 22 0 7, 1 4 33 0 9, 10 8 14 0 4, 5 6 33 1 12, 9 11 15 1 3, 6 10 18 0 3, 18 9 30 1 10, 3 5 14 0 3, 7 9 17 1 5, 4 5 17 1 6, 17 12 44 0 11, 15 14 13 1 3, 19 1 18 0 6, 20 11 25 0 8
19 1 35 0 7, 21 10 28 0 10, 9 6 24 0 7, 8 10 10 1 3, 7 3 22 1 7, 10 12 5 1 1, 11 2 47 1 11, 15 8 11 1 4, 14 11 20 0 7, 20 6 18 0 5, 1 8 17 0 4, 17 7 20 0 6, 18 13 26 1 10
1 4 50 0 17, 10 5 23 0 4, 17 10 34 1 7, 2 15 21 1 6, 3 12 35 0 13, 7 3 35 1 8, 6 13 33 0 13, 18 7 15 0 3, 8 6 16 1 5, 20 12 48 1 9, 11 1 15 0 4
11 15 20 1 7, 2 7 21 1 4, 14 14 44 0 9, 13 2 44 0 13, 19 2 9 0 2, 7 15 6 0 1, 16 4 42 1 15, 10 14 10 0 2, 15 2 17 0 5, 18 7 12 1 3, 1 12 21 1 6, 20 4 18 1 6, 4 3 13 0 3, 5 6 5 1 1, 6 6 29 1 11, 12 6 41 1 16
1 11 41 0 14, 13 10 16 1 4, 15 4 4 0 1, 14 4 18 1 5, 12 6 38 1 15, 18 15 50 1 12, 17 8 15 0 4, 16 11 18 0 7
1 9 43 1 15, 2 1 10 1 3, 12 14 29 0 5, 11 14 43 0 13, 5 4 9 0 2, 6 13 33 0 12, 3 4 8 1 2, 8 3 8 0 2, 9 5 18 1 5, 10 9 28 1 10, 13 10 7 0 1
1 11 18 1 5, 2 12 41 0 13, 14 9 21 1 7, 12 7 45 0 10, 7 9 47 0 12, 10 14 50 1 15, 13 5 10 0 2, 15 1 42 1 16, 11 8 6 0 2, 6 4 48 1 10
18 4 26 0 9, 20 14 15 0 3, 21 14 14 0 5, 1 1 43 0 16, 6 6 5 0 1, 7 3 7 0 1, 8 7 19 0 7, 9 10 9 0 2, 10 11 11 0 3, 11 8 30 0 8, 15 5 9 1 3, 16 9 5 0 1, 17 13 19 0 3
13 6 33 1 8, 6 13 46 1 13, 19 1 6 1 2, 16 1 5 1 1, 20 11 9 0 2, 1 11 44 1 10, 18 10 18 0 6, 15 8 7 1 1, 17 2 42 0 9, 2 10 13 1 3, 22 14 20 1 7, 7 11 19 1 4, 12 8 17 0 5
7 7 48 0 15, 6 8 47 1 15, 9 15 13 0 4, 13 9 26 1 7, 4 10 18 0 7, 16 4 18 0 5, 12 5 31 0 7, 1 8 13 0 2, 10 3 28 0 8, 5 9 17 1 6, 17 3 36 0 12, 11 10 48 0 16
