15, 3, 3, 12, 6, 12, 2, 3, 10, 3, 6, 1, 15, 11, 6, 5, 2, 12, 12, 12, 1, 12, 2, 10, 11, 6, 3, 10, 3, 12, 3, 15, 11, 6, 5, 3, 1, 1, 15, 12, 2, 1, 2, 12, 2, 15, 15, 11, 10, 6, 12, 3, 6, 5, 15, 3, 3, 5, 3, 15, 3, 2, 11, 12, 11, 11, 6, 15, 1, 6, 10, 6, 3, 3, 2, 2, 6, 6, 15, 12, 2, 3, 6, 1, 15, 12, 6, 12, 3, 1, 10, 2, 5, 15, 5, 10, 12, 11, 10, 3, 6, 2, 11, 10, 12, 3, 5, 15, 6
5 13 30 0 29, 1 14 10 1 7, 6 12 25 1 23, 3 15 43 1 38, 4 12 43 1 33, 7 11 39 1 37, 2 11 24 1 15, 8 8 47 1 39
5 1 33 1 26, 8 10 41 0 37, 1 5 10 1 6, 9 2 10 0 9, 11 11 42 1 30, 2 8 6 1 3, 7 6 25 1 22, 10 14 24 1 16, 3 4 40 0 24, 14 10 37 0 25, 4 9 10 1 9, 6 5 38 1 28
16 15 44 1 31, 7 13 48 0 33, 5 2 19 1 17, 8 1 6 1 5, 6 10 12 1 8, 17 10 20 0 16, 13 14 33 0 21, 15 1 10 1 7, 2 11 27 0 22, 9 5 30 1 27, 11 2 29 0 24, 3 7 8 1 7, 10 4 45 0 35, 4 7 13 1 9, 14 2 11 0 8, 1 4 29 0 28, 19 3 20 1 17, 18 7 29 1 20, 12 12 16 0 10
15 5 24 1 19, 17 3 21 0 14, 1 11 31 1 24, 17 3 21 0 14, 14 8 11 0 6, 16 13 14 1 10, 18 7 34 1 22
19 12 15 0 11, 17 12 44 1 30, 9 11 15 0 12, 2 3 21 1 14, 1 4 33 1 29, 14 7 10 1 9, 3 5 14 0 9, 16 1 36 0 28, 5 6 33 1 25, 10 8 14 1 9, 20 9 24 0 23, 6 10 18 1 15, 7 9 17 1 16, 18 13 29 0 21, 15 14 13 1 12, 4 5 17 0 11
5 7 35 0 22, 4 13 20 1 14, 1 4 33 1 29, 2 15 20 1 15, 10 12 45 1 33, 3 13 24 1 22, 6 5 10 1 6, 9 6 21 0 15, 11 14 17 0 11
6 10 27 1 16, 7 14 42 1 39, 8 7 8 1 4, 9 13 36 1 25, 1 6 30 1 21, 2 14 36 0 30, 3 13 8 1 7, 4 8 29 1 24, 5 3 33 0 28
13 2 26 0 16, 10 4 18 1 15, 15 9 39 1 30, 12 6 13 0 8, 1 11 29 0 28, 18 13 19 0 11, 8 3 18 1 14, 9 6 5 1 3, 11 7 39 0 30, 5 15 24 0 21, 2 8 46 1 37, 14 8 8 1 6, 4 12 41 1 27, 6 2 42 1 40, 3 5 5 0 3, 7 11 15 1 13
8 8 28 0 27, 3 6 17 1 14, 12 7 45 1 40, 14 9 21 1 14, 7 9 47 1 28, 9 2 18 1 17, 4 7 8 0 7, 13 1 9 1 7, 6 5 43 1 33, 1 11 18 1 15, 5 2 12 0 10, 15 1 42 0 38, 11 8 6 1 4
