2, 8, 15, 14, 6, 18, 17, 12, 18, 6, 4, 8, 7, 7, 15, 12, 12, 7, 8, 6, 18, 6, 18, 4, 8, 2, 2, 12, 6, 2, 18, 4, 12, 15, 4, 1, 14, 2, 6, 10, 10, 6, 15, 14, 18, 17, 7, 6, 15, 6, 15, 10, 8, 7, 10, 1, 7, 18, 14, 15, 4, 14, 17, 12, 12, 1, 10, 4, 15, 15, 17, 2, 1, 6, 18, 2, 7, 2, 12, 18, 6, 4, 12, 14, 12, 12, 18, 7, 4, 15, 2, 8, 17, 18, 2, 6, 17, 4, 15, 1, 12, 7, 17, 8, 12, 4, 12, 4, 18, 15, 4, 10, 12, 1, 10, 7, 17, 4, 17, 6, 17, 14, 7, 15, 18, 17, 10, 8, 10, 17, 8, 2, 1, 7, 6, 6, 14, 7, 1, 14, 12, 14, 6
5 13 30 0 29, 3 15 43 1 38, 6 12 25 1 23, 4 12 43 1 33, 7 11 39 1 37, 2 15 18 1 13, 1 14 10 1 7, 8 8 47 1 39
1 5 10 1 6, 8 15 44 1 37, 14 10 37 0 25, 13 7 39 1 24, 5 1 33 1 26, 2 15 7 1 6, 12 12 30 0 19, 3 4 40 0 24, 4 9 10 1 9, 7 6 25 1 22, 6 1 42 0 37
14 10 18 0 15, 13 1 28 1 26, 2 12 30 1 20, 1 2 18 0 17, 3 9 20 0 13, 7 10 20 0 19, 4 5 8 1 6, 16 7 23 1 17, 8 6 45 0 41, 9 3 5 1 3, 10 9 33 0 21, 11 7 36 1 24, 12 15 29 0 28
17 12 44 1 30, 19 1 18 1 11, 15 14 13 1 12, 9 11 15 0 12, 5 6 33 1 25, 20 9 24 0 23, 14 7 10 1 9, 6 2 24 0 18, 10 8 14 1 9, 16 5 31 1 26, 18 13 29 0 21, 7 9 17 1 16, 1 4 33 1 29, 2 3 21 1 14, 3 5 14 0 9, 4 8 20 1 14
20 6 18 0 15, 8 5 9 1 7, 21 10 28 0 17, 1 7 12 1 10, 19 1 35 1 34, 7 3 22 1 21, 9 2 28 1 23, 10 12 5 0 4, 11 2 47 0 44, 14 11 20 1 14, 16 14 10 1 6, 17 7 20 0 19, 18 4 29 0 24
18 7 15 1 11, 1 4 50 1 46, 12 3 43 1 32, 14 14 31 1 27, 13 10 44 1 43, 17 2 39 0 35, 15 10 36 1 35, 20 3 45 0 27, 16 14 28 0 18
3 13 24 1 22, 5 7 35 0 22, 1 4 33 1 29, 4 13 20 1 14, 11 14 17 0 11, 10 12 45 1 33, 6 5 10 1 6, 9 2 23 1 19, 2 15 20 1 15
13 3 22 1 16, 8 3 18 1 14, 15 9 39 1 30, 18 13 19 0 11, 1 11 29 0 28, 5 15 24 0 21, 2 15 44 1 39, 6 13 45 1 44, 7 8 19 0 11, 3 5 5 0 3, 14 1 5 0 4, 11 7 39 0 30, 9 6 5 1 3, 4 12 41 1 27, 10 4 18 1 15, 12 6 13 0 8
11 14 43 1 32, 4 3 18 1 16, 9 5 18 1 15, 8 3 8 1 7, 12 14 29 0 19, 5 4 9 1 8, 7 5 30 0 20, 10 15 25 0 20, 1 3 46 0 43, 13 10 7 1 6
7 9 47 1 28, 1 11 18 1 15, 3 6 17 1 14, 14 9 21 1 14, 9 2 18 1 17, 8 8 28 0 27, 12 5 48 1 36, 4 7 8 0 7, 15 1 42 0 38, 11 8 6 1 4, 13 6 11 0 8, 5 2 12 0 10, 6 5 43 1 33
1 11 44 1 26, 13 6 33 0 29, 2 10 13 0 7, 7 11 19 1 17, 6 13 46 0 28, 21 3 15 1 11, 15 8 7 1 4, 16 8 8 1 7, 12 8 17 0 14, 18 10 18 0 12, 17 2 42 1 39, 22 14 20 0 17
3 2 21 1 19, 8 13 10 0 6, 2 8 13 0 10, 14 2 11 1 8, 6 8 47 0 30, 12 13 32 0 23, 15 1 16 1 12, 1 8 13 0 9, 10 11 27 0 16, 16 4 18 1 10, 7 3 44 0 36, 17 10 32 1 21, 11 13 50 1 31
