3, 3, 9, 2, 6, 13, 18, 6, 9, 16, 6, 9, 10, 2, 18, 18, 11, 16, 5, 3, 2, 6, 16, 14, 2, 10, 3, 3, 18, 9, 16, 6, 14, 9, 7, 9, 7, 3, 18, 7, 11, 3, 16, 6, 5, 18, 16, 14, 18, 2, 13, 16, 18, 7, 7, 10, 16, 7, 9, 14, 7, 6, 7, 16, 16, 9, 13, 3, 2, 18, 6, 5, 9, 5, 14, 16, 11, 6, 3, 2, 3, 9, 2, 13, 2, 3, 9, 3, 11, 13, 18, 10, 3, 3, 18, 14, 6, 10, 14, 10, 14, 7, 11, 6, 9, 6, 2, 7, 13, 11, 3, 13, 10, 11, 5, 3, 5, 16, 14, 6, 9, 9, 10, 9, 11, 18, 2, 11, 6, 3, 13, 14, 7, 9, 5, 3, 14, 7, 10, 18, 16, 6, 3, 7, 2, 6
7 6 25 1 22, 1 5 10 1 6, 3 4 40 0 24, 4 9 10 1 9, 8 10 41 0 37, 5 7 40 1 35, 2 8 6 1 3, 11 6 38 0 23, 9 2 10 0 9, 6 5 38 1 28, 10 14 24 1 16, 14 10 37 0 25
7 5 39 1 26, 17 10 20 0 16, 13 14 33 0 21, 16 10 49 1 48, 18 7 29 1 20, 8 12 9 1 5, 2 11 27 0 22, 9 5 30 1 27, 5 2 19 1 17, 10 4 45 0 35, 11 2 29 0 24, 3 7 8 1 7, 4 7 13 1 9, 15 8 19 0 15, 1 4 29 0 28, 19 14 34 0 29, 6 13 5 0 4, 14 7 15 0 9, 12 12 16 0 10
15 3 27 1 19, 17 7 30 1 22, 14 8 11 0 6, 1 4 29 1 23, 16 13 14 1 10, 17 3 21 0 14, 18 7 34 1 22
1 4 33 1 29, 2 6 19 1 17, 19 12 15 0 11, 17 12 44 1 30, 3 5 14 0 9, 4 5 17 0 11, 5 6 33 1 25, 20 9 24 0 23, 7 9 17 1 16, 10 8 14 1 9, 16 5 31 1 26, 15 14 13 1 12, 18 10 26 0 17, 6 10 18 1 15, 9 11 15 0 12, 14 7 10 1 9
19 2 31 0 28, 1 7 12 1 10, 7 3 22 1 21, 8 5 9 1 7, 10 13 11 0 9, 20 6 18 0 15, 11 2 47 0 44, 9 6 24 1 23, 14 11 20 1 14, 21 10 28 0 17, 15 7 13 1 11, 17 5 26 0 20, 18 4 29 0 24
4 3 13 1 11, 2 7 21 1 18, 16 4 42 0 39, 18 2 10 1 6, 13 2 44 1 41, 19 2 9 1 6, 1 14 23 1 16, 14 15 42 1 35, 15 5 14 1 13, 10 8 12 1 11, 7 13 5 1 4, 5 12 10 1 8, 6 6 29 1 18, 11 9 24 1 16, 12 6 41 0 33, 20 4 18 1 11
4 10 22 0 18, 2 15 20 1 15, 1 4 33 1 29, 3 1 22 1 21, 5 7 35 0 22, 6 9 12 1 8, 9 9 19 1 12, 10 12 45 1 33, 11 14 17 0 11
2 8 40 1 36, 1 6 30 1 21, 9 13 36 1 25, 4 13 27 0 22, 6 2 28 0 20, 8 2 6 1 5, 7 15 46 1 38, 3 13 8 1 7, 5 3 33 0 28
16 14 13 1 11, 1 10 44 1 29, 17 11 19 1 14, 12 6 38 0 35, 15 6 5 0 4, 14 4 18 1 13, 13 9 21 1 18, 18 2 44 1 36
1 9 43 1 40, 7 5 30 0 20, 3 4 8 0 5, 9 12 10 0 6, 12 14 29 0 19, 2 1 10 1 8, 5 4 9 1 8, 11 14 43 1 32, 8 3 8 1 7, 10 15 25 0 20, 13 10 7 1 6
1 11 41 1 32, 18 5 27 1 19, 20 7 19 0 17, 7 5 5 0 3, 10 11 11 1 10, 21 14 14 1 10, 15 4 6 0 5, 6 6 5 1 3, 8 5 16 1 9, 16 9 5 1 4, 11 4 31 1 21, 9 10 9 0 7, 17 13 19 1 15
7 13 49 1 38, 8 13 10 0 6, 12 15 36 1 31, 16 4 18 1 10, 10 11 27 0 16, 1 8 13 0 9, 14 2 11 1 8, 11 10 48 1 39, 17 10 32 1 21, 15 14 18 0 11, 4 1 13 1 10, 5 9 17 0 14, 6 8 47 0 30
