7, 15, 18, 12, 8, 8, 17, 18, 12, 15, 7, 12, 15, 4, 2, 2, 2, 18, 7, 17, 4, 17, 8, 12, 18, 1, 12, 1, 12, 7, 8, 4, 17, 12, 1, 18, 7, 17, 4, 17, 12, 4, 2, 4, 15, 15, 12, 17, 12, 7, 18, 1, 18, 15, 2, 1, 8, 1, 7, 15, 8, 4, 18, 8, 2, 12, 15, 7, 18, 4, 2, 7, 4, 7, 12, 2, 12, 17, 15, 8, 2, 18, 7, 4, 8, 2, 12, 12, 17, 17, 18, 18, 17, 15, 15, 17, 4, 1, 4, 8, 1, 15, 2, 7, 4, 8, 12
5 13 30 0 29, 4 12 43 1 33, 6 12 25 1 23, 1 14 10 1 7, 2 15 18 1 13, 7 11 39 1 37, 3 15 43 1 38, 8 8 47 1 39
1 8 16 0 10, 7 6 25 1 22, 5 1 33 1 26, 8 10 41 0 37, 14 10 37 0 25, 12 4 25 1 22, 2 8 6 1 3, 13 7 39 1 24, 4 9 10 1 9, 3 4 40 0 24, 6 5 38 1 28
2 12 30 1 20, 14 10 18 0 15, 4 5 8 1 6, 3 9 20 0 13, 13 1 28 1 26, 16 7 23 1 17, 7 10 20 0 19, 8 6 45 0 41, 10 9 33 0 21, 1 2 18 0 17, 9 3 5 1 3, 11 7 36 1 24, 12 14 31 0 30
1 7 12 1 10, 8 5 9 1 7, 11 2 47 0 44, 19 2 31 0 28, 9 6 24 1 23, 20 6 18 0 15, 12 8 30 1 18, 10 12 5 0 4, 21 10 28 0 17, 13 9 18 1 17, 7 3 22 1 21, 18 13 26 1 19
1 4 50 1 46, 17 10 34 0 21, 6 4 36 0 28, 9 9 24 1 15, 7 3 35 0 31, 2 15 21 1 16, 8 6 16 0 13, 18 7 15 1 11, 3 12 35 1 34, 20 3 45 0 27, 11 8 17 1 12
12 10 7 1 5, 5 15 24 0 21, 2 15 44 1 39, 3 5 5 0 3, 13 2 26 0 16, 11 7 39 0 30, 10 4 18 1 15, 4 12 41 1 27, 14 1 5 0 4, 6 2 42 1 40, 8 3 18 1 14, 7 8 19 0 11, 9 6 5 1 3, 1 11 29 0 28, 15 9 39 1 30, 18 13 19 0 11
13 1 9 1 7, 12 7 45 1 40, 10 14 50 1 48, 1 1 20 1 14, 14 9 21 1 14, 4 7 8 0 7, 7 9 47 1 28, 6 5 43 1 33, 11 8 6 1 4, 3 6 17 1 14, 5 2 12 0 10, 15 1 42 0 38
19 1 6 0 5, 2 10 13 0 7, 20 9 5 1 3, 1 11 44 1 26, 6 13 46 0 28, 18 2 15 1 13, 13 6 33 0 29, 14 3 12 1 9, 7 11 19 1 17, 22 14 20 0 17, 17 2 42 1 39, 12 4 21 1 12
13 9 26 0 18, 5 9 17 0 14, 7 3 44 0 36, 1 3 8 0 6, 9 15 13 1 10, 6 8 47 0 30, 12 5 31 1 29, 4 1 13 1 10, 16 4 18 1 10, 10 15 30 1 29, 17 10 32 1 21, 11 13 50 1 31
