6, 17, 3, 3, 15, 12, 9, 18, 3, 3, 12, 17, 8, 3, 15, 11, 17, 12, 12, 6, 18, 6, 2, 3, 11, 3, 11, 6, 9, 2, 2, 8, 6, 14, 18, 14, 3, 12, 14, 5, 18, 9, 15, 3, 2, 15, 15, 2, 6, 18, 14, 2, 12, 9, 12, 2, 15, 14, 12, 3, 12, 6, 11, 8, 17, 9, 3, 8, 17, 11, 18, 14, 12, 18, 5, 15, 3, 2, 11, 6, 17, 8, 9, 17, 12, 17, 12, 9, 2, 9, 6, 5, 9, 14, 3, 5, 17, 15, 2, 15, 5, 15, 18, 3, 9, 17, 14, 15, 15, 3, 14, 6, 6, 18, 12, 8, 18, 8, 2, 17, 8, 9, 12, 6, 3, 9, 5, 12, 18, 11, 11, 17, 18, 9, 9, 14, 3, 8, 2, 3, 15, 18, 8, 5, 9, 6, 6, 12, 11, 14, 8, 6, 6, 17, 3
5 1 33 1 26, 8 10 41 0 37, 4 6 14 0 9, 9 2 10 0 9, 7 6 25 1 22, 1 5 10 1 6, 2 8 6 1 3, 11 6 38 0 23, 3 4 40 0 24, 6 5 38 1 28, 10 14 24 1 16, 14 10 37 0 25
16 15 44 1 31, 7 13 48 0 33, 17 10 20 0 16, 18 7 29 1 20, 8 1 6 1 5, 13 14 33 0 21, 1 7 36 1 22, 9 5 30 1 27, 5 2 19 1 17, 19 3 20 1 17, 2 11 27 0 22, 3 14 12 1 9, 15 1 10 1 7, 10 13 40 0 38, 14 7 15 0 9, 12 12 16 0 10, 11 2 29 0 24, 6 13 5 0 4, 4 3 20 0 19
16 13 14 1 10, 1 4 29 1 23, 14 12 13 1 9, 17 3 21 0 14, 15 13 26 0 22, 17 3 21 0 14, 18 7 34 1 22
2 6 19 1 17, 15 14 13 1 12, 17 1 47 1 32, 3 5 14 0 9, 4 5 17 0 11, 16 4 33 1 32, 1 4 33 1 29, 5 6 33 1 25, 6 10 18 1 15, 18 10 26 0 17, 20 11 25 0 18, 19 1 18 1 11, 7 3 21 1 20, 10 8 14 1 9, 9 11 15 0 12, 14 7 10 1 9
1 4 50 1 46, 20 3 45 0 27, 17 10 34 0 21, 2 15 21 1 16, 19 11 16 1 14, 3 12 35 1 34, 6 13 33 1 20, 7 3 35 0 31, 8 6 16 0 13, 10 14 26 0 24, 11 1 15 0 11
1 12 21 0 16, 13 2 44 1 41, 16 4 42 0 39, 17 15 20 1 16, 10 14 10 1 6, 14 15 42 1 35, 15 2 17 1 11, 4 3 13 1 11, 6 6 29 1 18, 20 12 25 1 15, 7 13 5 1 4, 5 9 7 1 6, 2 7 21 1 18, 11 15 20 1 16, 12 6 41 0 33
3 13 8 1 7, 1 6 30 1 21, 2 14 36 0 30, 4 13 27 0 22, 6 10 27 1 16, 7 1 40 1 26, 5 4 31 0 27, 8 2 6 1 5, 9 13 36 1 25
10 4 18 1 15, 13 3 22 1 16, 2 15 44 1 39, 8 12 20 1 19, 6 13 45 1 44, 3 5 5 0 3, 9 6 5 1 3, 15 9 39 1 30, 14 1 5 0 4, 11 7 39 0 30, 5 15 24 0 21, 18 9 22 1 17, 12 6 13 0 8, 1 11 29 0 28, 4 12 41 1 27, 7 11 15 1 13
1 9 43 1 40, 2 1 10 1 8, 5 4 9 1 8, 3 4 8 0 5, 9 12 10 0 6, 12 14 29 0 19, 7 9 29 1 17, 10 15 25 0 20, 13 10 7 1 6, 11 4 42 1 25, 8 2 9 1 8
12 7 45 1 40, 1 11 18 1 15, 7 9 47 1 28, 15 1 42 0 38, 3 6 17 1 14, 13 1 9 1 7, 4 7 8 0 7, 8 8 28 0 27, 14 3 22 1 21, 11 8 6 1 4, 5 2 12 0 10, 9 2 18 1 17, 6 5 43 1 33
20 9 5 1 3, 1 10 46 0 34, 2 10 13 0 7, 6 13 46 0 28, 17 2 42 1 39, 18 2 15 1 13, 15 5 8 0 7, 22 11 17 0 10, 7 11 19 1 17, 13 6 33 0 29, 16 1 5 1 3, 19 1 6 0 5, 12 8 17 0 14
6 5 46 1 44, 10 11 27 0 16, 8 6 14 1 8, 1 3 8 0 6, 7 3 44 0 36, 11 10 48 1 39, 15 14 18 0 11, 12 15 36 1 31, 16 4 18 1 10, 4 1 13 1 10, 14 2 11 1 8, 5 9 17 0 14, 17 10 32 1 21
