2, 18, 11, 2, 18, 3, 6, 9, 18, 12, 9, 15, 17, 17, 3, 6, 2, 6, 3, 9, 6, 12, 3, 18, 9, 12, 3, 12, 15, 17, 18, 17, 12, 17, 18, 6, 9, 11, 3, 6, 2, 6, 15, 3, 15, 9, 11, 3, 3, 12, 15, 11, 12, 18, 6, 12, 2, 6, 9, 9, 2, 18, 6, 17, 17, 15, 6, 9, 11, 12, 3, 12, 12, 3, 3, 17, 2, 11, 6, 15, 9, 9, 15, 17, 2, 2, 3, 3, 9, 6, 3, 3, 18, 11, 15, 11, 15, 17, 18, 18, 12, 12, 12, 2, 9, 3, 6, 17, 11, 3, 12, 6, 9, 15, 15, 12, 15, 6, 2, 17, 18, 17, 3, 9
12 12 30 0 19, 1 14 13 1 9, 4 9 10 1 9, 13 7 39 1 24, 2 8 6 1 3, 3 4 40 0 24, 7 6 25 1 22, 5 1 33 1 26, 8 10 41 0 37, 14 10 37 0 25, 6 1 42 0 37
16 15 44 1 31, 17 10 20 0 16, 7 5 39 1 26, 9 5 30 1 27, 5 2 19 1 17, 18 10 39 0 36, 6 13 5 0 4, 1 4 29 0 28, 10 4 45 0 35, 11 4 36 1 30, 2 11 27 0 22, 13 14 33 0 21, 14 2 11 0 8, 19 10 40 0 25, 8 1 6 1 5, 4 7 13 1 9, 3 14 12 1 9, 15 1 10 1 7, 12 12 16 0 10
4 8 20 1 14, 17 12 44 1 30, 19 1 18 1 11, 2 6 19 1 17, 20 9 24 0 23, 18 10 26 0 17, 1 4 33 1 29, 15 14 13 1 12, 3 5 14 0 9, 6 3 20 0 16, 5 3 36 1 23, 7 9 17 1 16, 10 8 14 1 9, 16 8 34 1 29, 9 11 15 0 12, 14 7 10 1 9
19 2 9 1 6, 7 13 5 1 4, 13 2 44 1 41, 16 4 42 0 39, 6 6 29 1 18, 10 14 10 1 6, 11 15 20 1 16, 14 5 43 1 27, 3 13 20 1 15, 1 12 21 0 16, 2 7 21 1 18, 12 6 41 0 33, 20 4 18 1 11, 18 9 17 0 11, 15 6 20 0 17
4 5 21 0 19, 6 10 27 1 16, 1 6 30 1 21, 2 15 44 0 31, 8 2 6 1 5, 9 13 36 1 25, 3 13 8 1 7, 7 14 42 1 39, 5 4 31 0 27
1 11 29 0 28, 10 4 18 1 15, 2 15 44 1 39, 5 15 24 0 21, 8 12 20 1 19, 12 10 7 1 5, 13 3 22 1 16, 6 2 42 1 40, 4 12 41 1 27, 14 1 5 0 4, 9 6 5 1 3, 7 11 15 1 13, 11 7 39 0 30, 15 9 39 1 30, 3 5 5 0 3, 18 13 19 0 11
12 7 45 1 40, 1 1 20 1 14, 14 3 22 1 21, 15 1 42 0 38, 7 9 47 1 28, 13 1 9 1 7, 5 2 12 0 10, 3 6 17 1 14, 6 5 43 1 33, 8 12 30 1 19, 4 7 8 0 7, 9 8 22 0 21, 11 8 6 1 4
13 6 33 0 29, 19 1 6 0 5, 1 11 44 1 26, 6 13 46 0 28, 22 14 20 0 17, 2 10 13 0 7, 20 9 5 1 3, 15 5 8 0 7, 18 2 15 1 13, 16 1 5 1 3, 17 2 42 1 39, 7 11 19 1 17, 12 8 17 0 14
13 3 30 0 28, 7 3 44 0 36, 1 3 8 0 6, 5 9 17 0 14, 10 11 27 0 16, 16 4 18 1 10, 4 1 13 1 10, 6 8 47 0 30, 12 5 31 1 29, 9 15 13 1 10, 11 10 48 1 39, 17 10 32 1 21
