1, 14, 10, 2, 2, 16, 17, 16, 7, 7, 8, 4, 8, 5, 7, 11, 2, 8, 11, 5, 4, 4, 10, 2, 1, 5, 16, 17, 11, 13, 2, 7, 10, 4, 1, 8, 7, 14, 16, 17, 5, 17, 13, 16, 17, 14, 4, 1, 1, 16, 5, 11, 17, 13, 4, 2, 8, 4, 8, 1, 7, 2, 7, 7, 16, 8, 5, 10, 11, 14, 17, 14, 8, 16, 10, 4, 16, 17, 13, 2, 7, 11, 17, 4, 4, 17, 2, 7, 8, 10, 1, 11, 16, 13, 10, 4, 2, 14, 13, 7, 8, 11, 4, 8, 1, 17, 16, 2, 5, 14, 13, 7, 14, 13, 5, 10, 17, 8, 14, 16, 16, 14, 10, 4, 11
4 12 43 1 33, 5 13 30 0 29, 1 9 13 0 8, 2 15 18 1 13, 3 15 43 1 38, 6 12 25 1 23, 7 1 40 0 26, 8 8 47 1 39
8 10 41 0 37, 2 8 6 1 3, 5 1 33 1 26, 1 8 16 0 10, 3 4 40 0 24, 4 9 10 1 9, 13 7 39 1 24, 12 8 26 1 16, 7 6 25 1 22, 14 10 37 0 25, 6 1 42 0 37
16 7 23 1 17, 14 10 18 0 15, 1 2 18 0 17, 13 2 22 1 17, 2 12 30 1 20, 3 9 20 0 13, 4 5 8 1 6, 7 10 20 0 19, 8 6 45 0 41, 9 3 5 1 3, 10 9 33 0 21, 11 7 36 1 24, 12 14 31 0 30
14 2 14 0 8, 1 4 29 1 23, 17 3 21 0 14, 15 5 24 1 19, 2 3 34 0 20, 17 3 21 0 14, 16 13 14 1 10, 18 7 34 1 22
7 3 22 1 21, 1 7 12 1 10, 8 10 10 0 6, 21 10 28 0 17, 19 2 31 0 28, 9 1 27 1 20, 20 6 18 0 15, 10 12 5 0 4, 11 2 47 0 44, 12 1 27 1 22, 13 9 18 1 17, 18 13 26 1 19
1 4 50 1 46, 3 12 35 1 34, 2 8 23 1 17, 5 2 18 1 14, 17 10 34 0 21, 4 4 11 0 7, 7 3 35 0 31, 10 5 23 0 22, 20 3 45 0 27, 8 6 16 0 13, 19 11 16 1 14, 11 1 15 0 11
4 10 22 0 18, 6 5 10 1 6, 9 6 21 0 15, 5 7 35 0 22, 3 1 22 1 21, 1 4 33 1 29, 2 15 20 1 15, 10 12 45 1 33, 11 14 17 0 11
1 6 30 1 21, 8 2 6 1 5, 6 10 27 1 16, 4 5 21 0 19, 9 13 36 1 25, 2 14 36 0 30, 7 15 46 1 38, 3 12 12 0 11, 5 4 31 0 27
17 8 15 1 14, 1 11 41 0 29, 13 10 16 0 14, 18 2 44 1 36, 15 6 5 0 4, 12 13 41 0 39, 14 6 13 0 11, 16 5 15 0 14
10 15 25 0 20, 7 5 30 0 20, 1 3 46 0 43, 4 3 18 1 16, 9 12 10 0 6, 12 14 29 0 19, 11 14 43 1 32, 5 4 9 1 8, 13 6 9 1 8, 8 3 8 1 7
1 11 41 1 32, 20 8 20 0 15, 7 11 8 0 5, 9 10 9 0 7, 8 5 16 1 9, 18 11 18 1 11, 10 11 11 1 10, 21 14 14 1 10, 6 6 5 1 3, 11 4 31 1 21, 15 4 6 0 5, 16 12 6 1 5, 17 8 24 1 19
18 2 15 1 13, 21 12 18 0 12, 1 11 44 1 26, 13 6 33 0 29, 22 11 17 0 10, 15 8 7 1 4, 12 8 17 0 14, 2 10 13 0 7, 16 1 5 1 3, 6 13 46 0 28, 7 11 19 1 17, 17 2 42 1 39
