9, 13, 12, 15, 16, 18, 11, 12, 12, 6, 18, 18, 14, 17, 9, 1, 8, 9, 6, 1, 6, 14, 8, 16, 7, 11, 6, 12, 7, 12, 7, 17, 12, 7, 9, 8, 1, 15, 7, 17, 14, 9, 4, 13, 18, 4, 6, 8, 4, 16, 15, 6, 12, 15, 12, 4, 5, 14, 18, 4, 16, 12, 17, 15, 15, 6, 11, 16, 6, 14, 4, 9, 17, 1, 18, 7, 11, 6, 4, 18, 13, 17, 18, 17, 7, 9, 5, 13, 5, 1, 17, 6, 5, 1, 5, 12, 6, 11, 15, 15, 4, 9, 14, 7, 17, 9, 14, 14, 9, 11, 8, 16, 18, 18, 12, 16, 8, 13, 7, 12, 5, 9, 12, 18, 1, 4, 17, 15, 4, 15, 6, 6, 8, 6, 11, 13, 1, 9, 17, 9, 14, 5, 16, 7, 17, 7, 4, 18, 13, 11, 4, 4, 15, 12, 9, 8, 14, 8, 7, 11, 6, 17, 13, 15, 5, 6, 12, 16, 9, 12
1 9 13 0 8, 3 15 43 1 38, 5 13 30 0 29, 6 12 25 1 23, 4 12 43 1 33, 2 15 18 1 13, 7 1 40 0 26, 8 8 47 1 39
16 7 23 1 17, 14 10 18 0 15, 2 8 38 1 33, 4 5 8 1 6, 8 6 45 0 41, 1 2 18 0 17, 13 6 21 0 13, 11 7 36 1 24, 7 10 20 0 19, 9 12 9 0 7, 10 9 33 0 21, 3 9 20 0 13, 12 14 31 0 30
1 5 36 0 27, 15 5 24 1 19, 17 14 29 1 27, 14 8 11 0 6, 17 3 21 0 14, 16 13 14 1 10, 17 7 30 1 22, 18 3 39 1 25
14 10 14 0 13, 17 12 44 1 30, 1 4 33 1 29, 4 5 17 0 11, 5 6 33 1 25, 2 6 19 1 17, 18 10 26 0 17, 9 11 15 0 12, 8 8 38 1 29, 15 13 16 1 13, 6 10 18 1 15, 3 5 14 0 9, 16 1 36 0 28, 19 12 15 0 11, 7 3 21 1 20, 20 11 25 0 18
12 1 27 1 22, 1 8 17 1 14, 10 12 5 0 4, 19 2 31 0 28, 21 10 28 0 17, 2 2 7 0 6, 3 15 27 1 16, 20 6 18 0 15, 6 11 50 0 48, 11 2 47 0 44, 13 13 19 0 18, 18 13 26 1 19
1 4 50 1 46, 17 10 34 0 21, 15 10 36 1 35, 13 10 44 1 43, 12 3 43 1 32, 16 14 28 0 18, 14 14 31 1 27, 19 11 16 1 14, 20 3 45 0 27
13 2 44 1 41, 19 2 9 1 6, 2 7 21 1 18, 16 4 42 0 39, 14 15 42 1 35, 3 7 21 0 19, 18 2 10 1 6, 20 4 18 1 11, 6 5 39 1 25, 11 15 20 1 16, 7 13 5 1 4, 1 9 27 0 19, 12 4 45 0 35, 10 4 19 0 17, 15 5 14 1 13
6 10 27 1 16, 3 13 8 1 7, 1 6 30 1 21, 9 13 36 1 25, 4 5 21 0 19, 2 8 40 1 36, 8 2 6 1 5, 7 14 42 1 39, 5 6 29 1 23
2 15 44 1 39, 14 1 5 0 4, 5 15 24 0 21, 8 12 20 1 19, 13 3 22 1 16, 9 6 5 1 3, 15 9 39 1 30, 3 5 5 0 3, 6 2 42 1 40, 1 11 29 0 28, 4 12 41 1 27, 18 13 19 0 11, 11 7 39 0 30, 10 4 18 1 15, 7 11 15 1 13, 12 6 13 0 8
13 1 22 0 17, 1 11 41 0 29, 17 8 15 1 14, 14 6 13 0 11, 15 13 9 0 6, 18 2 44 1 36, 12 6 38 0 35, 16 14 13 1 11
1 9 43 1 40, 8 3 8 1 7, 4 3 18 1 16, 5 4 9 1 8, 11 15 47 0 31, 7 9 29 1 17, 9 15 19 0 11, 10 9 28 1 17, 12 14 29 0 19, 13 6 9 1 8
10 14 50 1 48, 7 9 47 1 28, 15 12 47 1 42, 11 8 6 1 4, 1 11 18 1 15, 4 7 8 0 7, 12 7 45 1 40, 13 5 10 1 7, 14 6 24 0 17, 3 6 17 1 14, 5 15 15 1 12, 6 5 43 1 33
18 11 18 1 11, 1 11 41 1 32, 20 8 20 0 15, 21 14 14 1 10, 2 7 32 1 29, 4 4 40 1 30, 19 3 19 1 13, 3 3 33 0 29, 5 6 31 0 21
19 1 6 0 5, 22 11 17 0 10, 13 6 33 0 29, 1 11 44 1 26, 11 1 24 0 18, 8 1 20 1 19, 20 9 5 1 3, 10 13 16 1 13, 14 1 17 1 14, 12 4 21 1 12, 9 2 29 0 25, 18 10 18 0 12, 17 2 42 1 39
2 8 13 0 10, 7 3 44 0 36, 6 5 46 1 44, 12 13 32 0 23, 3 2 21 1 19, 16 4 18 1 10, 13 3 30 0 28, 8 5 17 0 13, 17 10 32 1 21, 10 11 27 0 16, 1 3 8 0 6, 11 10 48 1 39
