7, 17, 18, 12, 8, 12, 1, 3, 10, 11, 5, 3, 4, 2, 12, 3, 2, 18, 9, 9, 9, 10, 17, 7, 12, 10, 2, 18, 12, 6, 6, 15, 15, 3, 3, 2, 12, 4, 13, 6, 3, 17, 4, 8, 7, 15, 9, 11, 2, 14, 1, 3, 7, 18, 18, 13, 6, 6, 3, 16, 16, 7, 17, 3, 7, 8, 17, 6, 14, 14, 15, 4, 12, 6, 9, 12, 13, 7, 11, 17, 9, 8, 4, 15, 16, 9, 4, 12, 4, 11, 11, 12, 16, 8, 1, 17, 6, 10, 18, 2, 3, 15, 7, 1, 3, 18, 13, 2, 4, 3, 3, 10, 13, 9, 10, 9, 9, 15, 6, 3, 6, 16, 4, 1, 11, 5, 15, 18, 14, 5, 4, 5, 17, 14, 12, 18, 6, 17, 9, 16, 8, 17, 18, 5, 3, 1, 15, 4, 14, 1, 7, 9, 10, 2, 13, 6, 8, 9, 5, 15, 12, 2, 18, 15, 6, 7, 14, 10, 12, 12, 3, 12, 3, 14, 4, 11, 18, 7, 8, 11, 13, 4, 9, 15, 13, 14, 11, 6, 17, 8, 2, 6, 5, 16, 15, 14, 2, 3, 16, 18, 7, 1, 10, 2, 6, 3, 17, 17, 12, 9
5 13 30 0 29, 3 15 43 1 38, 6 12 25 1 23, 4 12 43 1 33, 7 5 49 1 45, 1 14 10 1 7, 2 11 24 1 15, 8 8 47 1 39
1 8 16 0 10, 5 7 40 1 35, 6 5 38 1 28, 4 9 10 1 9, 2 8 6 1 3, 7 6 25 1 22, 10 14 24 1 16, 11 6 38 0 23, 8 10 41 0 37, 3 4 40 0 24, 9 13 12 1 11, 14 10 37 0 25
19 3 20 1 17, 7 5 39 1 26, 13 15 35 0 31, 16 15 44 1 31, 17 10 20 0 16, 9 5 30 1 27, 1 4 29 0 28, 14 2 11 0 8, 18 13 33 1 21, 2 11 27 0 22, 3 1 11 1 10, 8 12 9 1 5, 10 3 39 1 30, 6 13 5 0 4, 11 2 29 0 24, 5 2 19 1 17, 4 3 20 0 19, 15 8 19 0 15, 12 12 16 0 10
13 6 21 0 13, 2 12 30 1 20, 14 14 28 0 25, 3 9 20 0 13, 1 2 18 0 17, 16 7 23 1 17, 7 10 20 0 19, 8 6 45 0 41, 4 11 9 0 8, 9 3 5 1 3, 10 9 33 0 21, 11 7 36 1 24, 12 15 29 0 28
1 4 29 1 23, 15 5 24 1 19, 14 10 17 1 15, 17 14 29 1 27, 16 13 14 1 10, 17 4 28 1 18, 18 7 34 1 22
18 10 26 0 17, 8 8 38 1 29, 1 4 33 1 29, 2 6 19 1 17, 5 3 36 1 23, 6 10 18 1 15, 3 5 14 0 9, 4 5 17 0 11, 7 3 21 1 20, 19 12 15 0 11, 16 8 34 1 29, 9 11 15 0 12, 20 9 24 0 23, 15 14 13 1 12, 17 12 44 1 30, 14 10 14 0 13
8 5 9 1 7, 1 7 12 1 10, 10 12 5 0 4, 13 13 19 0 18, 12 1 27 1 22, 9 6 24 1 23, 11 2 47 0 44, 19 2 31 0 28, 20 11 23 0 19, 7 3 22 1 21, 21 10 28 0 17, 18 13 26 1 19
1 4 50 1 46, 12 3 43 1 32, 18 7 15 1 11, 15 10 36 1 35, 17 2 39 0 35, 13 10 44 1 43, 14 13 32 1 21, 20 3 45 0 27, 16 14 28 0 18
18 9 17 0 11, 19 2 9 1 6, 13 2 44 1 41, 15 5 14 1 13, 1 12 21 0 16, 2 7 21 1 18, 14 15 42 1 35, 16 4 42 0 39, 3 7 21 0 19, 7 13 5 1 4, 6 6 29 1 18, 11 15 20 1 16, 10 14 10 1 6, 12 6 41 0 33, 20 4 18 1 11
9 3 24 0 19, 3 1 22 1 21, 4 13 20 1 14, 1 4 33 1 29, 5 7 35 0 22, 6 9 12 1 8, 10 12 45 1 33, 2 15 20 1 15, 11 14 17 0 11
8 2 6 1 5, 6 10 27 1 16, 7 1 40 1 26, 4 5 21 0 19, 2 8 40 1 36, 9 13 36 1 25, 1 6 30 1 21, 3 13 8 1 7, 5 6 29 1 23
5 15 24 0 21, 9 6 5 1 3, 6 2 42 1 40, 8 12 20 1 19, 13 3 22 1 16, 3 5 5 0 3, 4 12 41 1 27, 10 4 18 1 15, 7 11 15 1 13, 2 15 44 1 39, 11 7 39 0 30, 12 10 7 1 5, 1 11 29 0 28, 14 1 5 0 4, 15 9 39 1 30, 18 5 21 1 20
1 11 41 0 29, 14 14 19 1 14, 17 8 15 1 14, 15 4 4 1 3, 12 6 38 0 35, 16 14 13 1 11, 13 12 18 1 12, 18 2 44 1 36
4 3 18 1 16, 11 4 42 1 25, 12 14 29 0 19, 1 9 43 1 40, 5 4 9 1 8, 10 15 25 0 20, 9 12 10 0 6, 13 10 7 1 6, 7 9 29 1 17, 8 3 8 1 7
7 9 47 1 28, 12 7 45 1 40, 8 8 28 0 27, 5 2 12 0 10, 9 2 18 1 17, 11 13 7 0 4, 3 6 17 1 14, 13 1 9 1 7, 14 6 24 0 17, 15 1 42 0 38, 4 7 8 0 7, 1 11 18 1 15, 6 5 43 1 33
2 7 32 1 29, 20 14 15 1 9, 1 11 41 1 32, 3 3 33 0 29, 21 14 14 1 10, 4 4 40 1 30, 18 11 18 1 11, 5 6 31 0 21
1 11 44 1 26, 22 6 19 1 17, 13 6 33 0 29, 16 1 5 1 3, 2 10 13 0 7, 6 13 46 0 28, 20 10 10 0 7, 18 2 15 1 13, 17 2 42 1 39, 15 8 7 1 4, 19 1 6 0 5, 7 11 19 1 17, 12 4 21 1 12
4 1 13 1 10, 7 3 44 0 36, 11 10 48 1 39, 10 11 27 0 16, 1 8 13 0 9, 8 13 10 0 6, 12 13 32 0 23, 15 14 18 0 11, 16 15 19 1 12, 5 9 17 0 14, 6 8 47 0 30, 14 2 11 1 8, 17 10 32 1 21
