16, 3, 6, 10, 3, 3, 9, 14, 13, 3, 16, 3, 6, 9, 3, 5, 11, 16, 3, 9, 6, 9, 3, 10, 16, 10, 6, 6, 11, 9, 6, 11, 16, 3, 14, 9, 3, 10, 3, 9, 9, 5, 16, 9, 14, 6, 3, 16, 11, 14, 16, 5, 13, 16, 14, 3, 6, 14, 9, 5, 6, 6, 9, 6, 5, 3, 11, 11, 11, 11, 5, 14, 10, 3, 9, 10, 6, 5, 13, 14, 16, 14, 13, 13, 3, 16, 16, 3, 14, 10, 10, 9, 6, 13, 6, 9, 5, 11, 14, 6, 13, 3, 9, 6, 13, 9, 16, 3, 10
7 13 48 0 33, 16 15 44 1 31, 17 10 20 0 16, 13 14 33 0 21, 15 8 19 0 15, 1 4 29 0 28, 18 10 39 0 36, 5 5 31 0 18, 10 4 45 0 35, 12 12 16 0 10, 2 11 27 0 22, 3 7 8 1 7, 8 1 6 1 5, 11 2 29 0 24, 19 3 20 1 17, 14 6 14 1 10, 6 13 5 0 4, 9 5 30 1 27, 4 7 13 1 9
15 5 24 1 19, 2 15 39 0 31, 14 8 11 0 6, 17 3 21 0 14, 17 3 21 0 14, 16 13 14 1 10, 1 4 29 1 23, 18 7 34 1 22
1 4 33 1 29, 17 1 47 1 32, 5 11 39 0 33, 6 10 18 1 15, 2 6 19 1 17, 3 5 14 0 9, 20 9 24 0 23, 10 8 14 1 9, 16 1 36 0 28, 15 14 13 1 12, 18 10 26 0 17, 19 12 15 0 11, 14 7 10 1 9, 7 3 21 1 20, 9 11 15 0 12, 4 5 17 0 11
2 7 21 1 18, 13 2 44 1 41, 16 2 45 1 41, 4 3 13 1 11, 19 2 9 1 6, 1 12 21 0 16, 14 15 42 1 35, 10 14 10 1 6, 20 4 18 1 11, 15 5 14 1 13, 6 6 29 1 18, 18 2 10 1 6, 7 13 5 1 4, 11 10 27 1 17, 5 6 5 0 3, 12 6 41 0 33
1 1 34 1 27, 10 12 45 1 33, 5 7 35 0 22, 2 15 20 1 15, 4 13 20 1 14, 3 1 22 1 21, 6 5 10 1 6, 9 6 21 0 15, 11 14 17 0 11
8 2 6 1 5, 1 6 30 1 21, 2 14 36 0 30, 4 14 25 1 20, 9 5 40 0 33, 3 13 8 1 7, 6 10 27 1 16, 5 4 31 0 27, 7 15 46 1 38
1 11 41 0 29, 12 6 38 0 35, 17 8 15 1 14, 13 10 16 0 14, 14 6 13 0 11, 18 15 50 1 34, 15 3 6 1 4, 16 14 13 1 11
10 9 28 1 17, 7 9 29 1 17, 1 9 43 1 40, 2 12 13 1 11, 3 4 8 0 5, 5 4 9 1 8, 12 10 31 0 26, 8 3 8 1 7, 9 12 10 0 6, 11 4 42 1 25, 13 10 7 1 6
6 6 5 1 3, 17 13 19 1 15, 7 3 7 1 6, 20 8 20 0 15, 8 7 19 1 17, 1 1 43 1 40, 9 10 9 0 7, 10 14 21 1 13, 15 4 6 0 5, 11 7 39 1 29, 16 12 6 1 5, 18 11 18 1 11, 21 14 14 1 10
