6, 3, 1, 5, 3, 1, 11, 3, 15, 4, 3, 6, 14, 2, 3, 12, 11, 4, 11, 13, 2, 2, 10, 3, 12, 3, 3, 10, 13, 12, 15, 5, 1, 14, 15, 6, 3, 12, 12, 12, 13, 12, 3, 6, 6, 15, 1, 2, 6, 4, 2, 5, 14, 15, 6, 12, 15, 10, 12, 11, 14, 12, 6, 3, 3, 15, 11, 13, 3, 3, 14, 2, 10, 4, 4, 13, 15, 3, 6, 6, 1, 3, 2, 2, 1, 14, 6, 10, 12, 4, 12, 2, 11, 5, 4, 5, 10, 5, 4, 5, 2, 14, 15, 11, 6, 15, 4, 12, 14, 13, 12, 13, 1, 14, 4, 12, 13, 6, 10, 1, 11, 2, 10, 15, 11, 3, 2, 4, 12, 15, 6, 14, 6, 3, 3, 10, 6, 4, 15
4 12 43 1 33, 6 12 25 1 23, 2 11 24 1 15, 7 11 39 1 37, 5 13 30 0 29, 1 14 10 1 7, 3 15 43 1 38, 8 8 47 1 39
7 6 25 1 22, 4 12 13 1 11, 9 2 10 0 9, 11 6 38 0 23, 5 1 33 1 26, 6 5 38 1 28, 8 10 41 0 37, 2 8 6 1 3, 1 5 10 1 6, 3 4 40 0 24, 10 15 30 1 21, 14 10 37 0 25
7 5 39 1 26, 1 4 29 0 28, 11 2 29 0 24, 2 11 27 0 22, 17 10 20 0 16, 16 15 44 1 31, 3 7 8 1 7, 18 7 29 1 20, 13 14 33 0 21, 6 13 5 0 4, 14 2 11 0 8, 19 3 20 1 17, 5 2 19 1 17, 4 3 20 0 19, 8 1 6 1 5, 15 1 10 1 7, 9 3 44 0 34, 10 3 39 1 30, 12 12 16 0 10
1 2 18 0 17, 16 7 23 1 17, 5 3 29 0 20, 6 4 33 1 25, 7 1 23 1 16, 8 6 45 0 41, 13 6 21 0 13, 10 9 33 0 21, 9 12 9 0 7, 14 10 18 0 15, 11 11 41 0 28, 12 15 29 0 28
17 3 21 0 14, 15 5 24 1 19, 17 3 21 0 14, 1 4 29 1 23, 14 8 11 0 6, 16 13 14 1 10, 18 7 34 1 22
1 4 33 1 29, 15 2 14 0 13, 16 1 36 0 28, 17 1 47 1 32, 3 5 14 0 9, 4 5 17 0 11, 5 6 33 1 25, 10 15 17 1 10, 9 11 15 0 12, 19 5 19 1 18, 6 10 18 1 15, 2 3 21 1 14, 18 10 26 0 17, 7 9 17 1 16, 20 9 24 0 23, 14 7 10 1 9
4 10 22 0 18, 3 1 22 1 21, 1 4 33 1 29, 5 7 35 0 22, 10 3 48 1 29, 6 5 10 1 6, 9 9 19 1 12, 2 15 20 1 15, 11 14 17 0 11
8 9 10 0 8, 1 6 30 1 21, 6 10 27 1 16, 2 14 36 0 30, 4 5 21 0 19, 9 13 36 1 25, 3 3 11 0 9, 7 14 42 1 39, 5 6 29 1 23
2 15 44 1 39, 5 15 24 0 21, 15 9 39 1 30, 8 3 18 1 14, 9 6 5 1 3, 13 3 22 1 16, 3 11 11 1 10, 10 4 18 1 15, 18 13 19 0 11, 12 10 7 1 5, 11 7 39 0 30, 1 11 29 0 28, 4 12 41 1 27, 14 1 5 0 4, 6 2 42 1 40, 7 11 15 1 13
1 13 50 1 36, 17 8 15 1 14, 13 12 18 1 12, 18 15 50 1 34, 14 6 13 0 11, 12 6 38 0 35, 15 4 4 1 3, 16 5 15 0 14
4 3 18 1 16, 13 6 9 1 8, 10 15 25 0 20, 9 5 18 1 15, 1 9 43 1 40, 11 4 42 1 25, 12 14 29 0 19, 5 4 9 1 8, 7 9 29 1 17, 8 2 9 1 8
7 9 47 1 28, 12 7 45 1 40, 4 7 8 0 7, 8 8 28 0 27, 1 11 18 1 15, 9 2 18 1 17, 15 12 47 1 42, 11 8 6 1 4, 5 15 15 1 12, 13 1 9 1 7, 14 9 21 1 14, 3 6 17 1 14, 6 5 43 1 33
