4, 15, 17, 6, 18, 17, 5, 14, 6, 7, 6, 15, 16, 9, 4, 14, 8, 17, 7, 8, 4, 9, 18, 9, 4, 6, 15, 14, 9, 9, 6, 4, 7, 8, 15, 7, 7, 8, 15, 18, 4, 9, 9, 17, 16, 4, 16, 6, 16, 6, 13, 17, 7, 6, 18, 17, 4, 13, 18, 9, 5, 9, 4, 7, 18, 14, 18, 17, 14, 4, 8, 16, 16, 7, 17, 14, 13, 7, 15, 16, 6, 6, 15, 17, 15, 8, 8, 4, 6, 13, 17, 13, 15, 18, 18, 9, 5, 9, 15, 14, 16, 8, 6, 9, 8, 15, 5, 13, 5, 7, 16, 16, 4, 8, 4, 17, 17, 18, 18, 7, 14, 7, 7, 6, 6, 14, 18, 8, 6, 5, 9, 16, 16, 14, 16, 13, 17, 9, 15, 5, 6, 13, 9, 14
1 2 18 0 17, 14 10 18 0 15, 13 6 21 0 13, 16 7 23 1 17, 2 12 30 1 20, 3 9 20 0 13, 4 11 9 0 8, 7 1 23 1 16, 8 6 45 0 41, 9 12 9 0 7, 10 9 33 0 21, 11 7 36 1 24, 12 15 29 0 28
17 3 21 0 14, 15 13 26 0 22, 14 10 17 1 15, 17 3 21 0 14, 1 4 29 1 23, 16 4 20 0 17, 18 7 34 1 22
17 12 44 1 30, 1 4 33 1 29, 5 6 33 1 25, 2 3 21 1 14, 10 8 14 1 9, 3 5 14 0 9, 4 5 17 0 11, 16 5 31 1 26, 19 12 15 0 11, 9 11 15 0 12, 6 10 18 1 15, 7 9 17 1 16, 15 2 14 0 13, 18 13 29 0 21, 14 10 14 0 13, 20 9 24 0 23
7 3 22 1 21, 1 7 12 1 10, 21 1 32 1 27, 8 5 9 1 7, 20 6 18 0 15, 9 2 28 1 23, 19 2 31 0 28, 10 12 5 0 4, 11 2 47 0 44, 14 7 22 1 15, 15 8 11 1 8, 17 7 20 0 19, 18 4 29 0 24
2 15 21 1 16, 3 12 35 1 34, 1 4 50 1 46, 20 3 45 0 27, 17 2 39 0 35, 18 7 15 1 11, 10 14 26 0 24, 6 4 36 0 28, 7 3 35 0 31, 8 15 17 1 13, 11 1 15 0 11
7 13 5 1 4, 16 13 46 1 41, 13 2 44 1 41, 1 12 21 0 16, 14 15 42 1 35, 10 8 12 1 11, 2 7 21 1 18, 17 15 20 1 16, 20 4 18 1 11, 11 15 20 1 16, 4 3 13 1 11, 6 2 33 0 30, 15 14 18 1 13, 5 6 5 0 3, 12 6 41 0 33
15 4 4 1 3, 12 4 44 0 38, 13 10 16 0 14, 1 11 41 0 29, 17 8 15 1 14, 18 15 50 1 34, 14 13 14 1 11, 16 14 13 1 11
5 4 9 1 8, 1 3 46 0 43, 10 15 25 0 20, 2 1 10 1 8, 12 14 29 0 19, 13 10 7 1 6, 3 4 8 0 5, 11 15 47 0 31, 9 12 10 0 6, 7 5 30 0 20, 8 3 8 1 7
7 9 47 1 28, 10 14 50 1 48, 11 8 6 1 4, 12 7 45 1 40, 4 7 8 0 7, 14 9 21 1 14, 13 1 9 1 7, 5 2 12 0 10, 1 11 18 1 15, 3 6 17 1 14, 15 1 42 0 38, 6 5 43 1 33
18 11 18 1 11, 1 11 41 1 32, 6 6 5 1 3, 7 6 9 1 8, 8 7 19 1 17, 20 14 15 1 9, 21 14 14 1 10, 9 10 9 0 7, 10 13 20 1 12, 11 8 30 1 24, 15 4 6 0 5, 16 9 5 1 4, 17 13 19 1 15
13 6 33 0 29, 19 1 6 0 5, 18 2 15 1 13, 1 10 46 0 34, 20 9 5 1 3, 2 10 13 0 7, 22 11 17 0 10, 6 13 46 0 28, 15 8 7 1 4, 7 11 19 1 17, 12 8 17 0 14, 16 1 5 1 3, 17 2 42 1 39
12 5 31 1 29, 6 5 46 1 44, 11 10 48 1 39, 13 6 28 1 22, 1 8 13 0 9, 8 13 10 0 6, 7 3 44 0 36, 4 1 13 1 10, 16 4 18 1 10, 10 11 27 0 16, 5 9 17 0 14, 17 10 32 1 21
