16, 8, 8, 8, 14, 16, 1, 1, 10, 16, 4, 7, 8, 4, 13, 10, 7, 7, 14, 5, 14, 7, 1, 4, 16, 10, 13, 14, 5, 8, 16, 7, 8, 5, 16, 4, 13, 4, 4, 10, 7, 7, 13, 4, 14, 14, 16, 1, 1, 1, 7, 13, 8, 4, 8, 8, 16, 5, 5, 4, 10, 14, 14, 10, 4, 1, 7, 5, 13, 10, 7, 16, 5, 16, 7, 4, 14, 4, 10, 8, 14, 10, 14, 1, 16, 4, 16, 16, 7, 8, 13, 13
2 15 18 1 13, 1 9 13 0 8, 4 12 43 1 33, 5 13 30 0 29, 3 15 43 1 38, 6 12 25 1 23, 7 1 40 0 26, 8 8 47 1 39
1 2 18 0 17, 2 12 30 1 20, 3 9 20 0 13, 13 6 21 0 13, 8 6 45 0 41, 10 9 33 0 21, 4 11 9 0 8, 16 7 23 1 17, 14 14 28 0 25, 9 3 5 1 3, 7 10 20 0 19, 11 11 41 0 28, 12 15 29 0 28
15 13 26 0 22, 17 14 29 1 27, 1 5 36 0 27, 17 3 21 0 14, 16 13 14 1 10, 14 2 14 0 8, 18 7 34 1 22
1 7 12 1 10, 7 3 22 1 21, 8 5 9 1 7, 12 1 27 1 22, 19 2 31 0 28, 9 6 24 1 23, 10 13 11 0 9, 11 2 47 0 44, 21 10 28 0 17, 13 13 19 0 18, 20 11 23 0 19, 18 5 30 0 20
1 4 50 1 46, 2 15 21 1 16, 17 10 34 0 21, 3 12 35 1 34, 19 11 16 1 14, 7 3 35 0 31, 6 4 36 0 28, 20 3 45 0 27, 8 6 16 0 13, 9 9 24 1 15, 11 1 15 0 11
4 13 20 1 14, 3 1 22 1 21, 5 7 35 0 22, 1 2 39 1 24, 9 9 19 1 12, 6 9 12 1 8, 2 15 20 1 15, 10 12 45 1 33, 11 14 17 0 11
14 6 13 0 11, 12 13 41 0 39, 1 11 41 0 29, 17 8 15 1 14, 13 10 16 0 14, 18 2 44 1 36, 15 4 4 1 3, 16 14 13 1 11
9 12 10 0 6, 12 14 29 0 19, 10 9 28 1 17, 1 3 46 0 43, 6 4 27 1 16, 3 4 8 0 5, 2 1 10 1 8, 11 4 42 1 25, 13 10 7 1 6, 5 4 9 1 8, 8 2 9 1 8
6 6 5 1 3, 8 5 16 1 9, 1 11 41 1 32, 18 10 24 1 20, 20 14 15 1 9, 7 5 5 0 3, 10 6 19 1 16, 21 14 14 1 10, 11 8 30 1 24, 9 10 9 0 7, 15 4 6 0 5, 16 9 5 1 4, 17 13 19 1 15
