7, 16, 4, 17, 18, 18, 8, 16, 14, 9, 9, 9, 17, 7, 7, 18, 4, 4, 4, 9, 7, 18, 17, 18, 8, 8, 7, 17, 17, 16, 8, 7, 17, 9, 18, 14, 13, 4, 8, 17, 18, 4, 7, 9, 9, 16, 9, 17, 8, 14, 9, 13, 17, 13, 7, 14, 4, 14, 9, 14, 17, 4, 4, 13, 18, 7, 13, 16, 9, 13, 18, 16, 8, 14, 13, 14, 7, 4, 9, 4, 14, 16, 17, 8, 14, 4, 14, 8, 18, 7, 7, 18, 8, 13, 18, 9, 8, 17, 7, 9, 16, 4
1 2 18 0 17, 15 12 24 1 22, 2 12 30 1 20, 4 5 8 1 6, 16 7 23 1 17, 8 6 45 0 41, 13 2 22 1 17, 3 9 20 0 13, 9 12 9 0 7, 7 10 20 0 19, 10 9 33 0 21, 11 7 36 1 24, 12 15 29 0 28
20 6 18 0 15, 19 2 31 0 28, 8 5 9 1 7, 21 10 28 0 17, 9 6 24 1 23, 7 3 22 1 21, 11 9 48 1 46, 17 7 20 0 19, 1 8 17 1 14, 14 11 20 1 14, 10 12 5 0 4, 15 8 11 1 8, 18 5 30 0 20
1 4 50 1 46, 2 15 21 1 16, 20 3 45 0 27, 17 10 34 0 21, 3 12 35 1 34, 18 7 15 1 11, 6 13 33 1 20, 7 3 35 0 31, 8 6 16 0 13, 9 9 24 1 15, 11 1 15 0 11
1 12 21 0 16, 2 7 21 1 18, 13 2 44 1 41, 17 15 20 1 16, 14 15 42 1 35, 7 13 5 1 4, 3 13 20 1 15, 11 3 28 0 21, 12 6 41 0 33, 6 2 33 0 30, 10 14 10 1 6, 16 4 42 0 39, 20 4 18 1 11, 15 6 20 0 17
1 11 41 0 29, 12 6 38 0 35, 17 8 15 1 14, 13 10 16 0 14, 18 2 44 1 36, 14 6 13 0 11, 15 4 4 1 3, 16 14 13 1 11
1 9 43 1 40, 2 12 13 1 11, 12 14 29 0 19, 11 4 42 1 25, 3 4 8 0 5, 13 6 9 1 8, 7 5 30 0 20, 9 12 10 0 6, 10 15 25 0 20, 5 4 9 1 8, 8 3 8 1 7
20 14 15 1 9, 4 15 49 0 39, 1 11 41 1 32, 18 11 18 1 11, 2 7 32 1 29, 21 12 29 1 21, 3 3 33 0 29, 5 1 25 1 21
15 8 7 1 4, 13 6 33 0 29, 1 10 46 0 34, 6 13 46 0 28, 18 2 15 1 13, 22 6 19 1 17, 7 11 19 1 17, 2 10 13 0 7, 16 1 5 1 3, 21 3 15 1 11, 17 2 42 1 39, 12 8 17 0 14
17 10 32 1 21, 1 3 8 0 6, 4 1 13 1 10, 7 3 44 0 36, 13 9 26 0 18, 6 8 47 0 30, 8 13 10 0 6, 12 13 32 0 23, 16 4 18 1 10, 5 9 17 0 14, 10 11 27 0 16, 11 13 50 1 31
