8, 10, 6, 12, 17, 12, 9, 12, 9, 6, 18, 10, 4, 9, 13, 11, 10, 8, 2, 2, 3, 3, 2, 3, 14, 12, 12, 3, 17, 9, 16, 17, 3, 3, 6, 16, 11, 3, 4, 16, 9, 4, 16, 12, 17, 6, 11, 12, 4, 18, 8, 9, 3, 14, 14, 8, 3, 18, 16, 12, 12, 12, 11, 8, 4, 5, 4, 18, 16, 9, 13, 4, 18, 17, 3, 18, 2, 6, 3, 2, 4, 13, 3, 6, 2, 18, 17, 6, 4, 10, 6, 3, 5, 10, 9, 16, 2, 9, 18, 17, 8, 13, 6, 16, 5, 3, 3, 13, 8, 10, 2, 14, 14, 2, 5, 9, 14, 12, 17, 4, 11, 3, 5, 17, 14, 18, 17, 16, 18, 11, 2, 11, 9, 17, 12, 6, 6, 4, 8, 14, 13, 3, 14, 12, 6, 4, 10, 5, 6, 6, 3, 10, 16, 13, 8, 18, 6, 6, 5, 9, 9, 16, 11, 11, 13, 14, 12, 10, 16, 18, 8, 2, 5, 16, 12, 2, 3, 4, 17, 12, 17, 8, 14, 9
3 4 40 0 24, 7 6 25 1 22, 2 8 6 1 3, 4 12 13 1 11, 6 5 38 1 28, 1 5 10 1 6, 8 10 41 0 37, 5 1 33 1 26, 9 2 10 0 9, 10 14 24 1 16, 11 6 38 0 23, 14 12 40 0 39
16 15 44 1 31, 1 7 36 1 22, 7 6 44 1 39, 17 10 20 0 16, 6 12 9 1 8, 18 7 29 1 20, 13 15 35 0 31, 15 1 10 1 7, 2 11 27 0 22, 3 7 8 1 7, 14 2 11 0 8, 19 3 20 1 17, 5 2 19 1 17, 11 2 29 0 24, 8 1 6 1 5, 4 7 13 1 9, 10 3 39 1 30, 9 5 30 1 27, 12 14 21 1 18
1 2 18 0 17, 14 10 18 0 15, 16 7 23 1 17, 3 9 20 0 13, 7 10 20 0 19, 2 12 30 1 20, 9 12 9 0 7, 4 11 9 0 8, 11 7 36 1 24, 8 6 45 0 41, 13 1 28 1 26, 10 9 33 0 21, 12 15 29 0 28
17 3 21 0 14, 15 5 24 1 19, 1 3 35 1 23, 17 3 21 0 14, 17 2 27 1 17, 14 8 11 0 6, 16 4 20 0 17, 18 7 34 1 22
5 6 33 1 25, 9 11 15 0 12, 17 12 44 1 30, 6 3 20 0 16, 1 11 36 1 34, 18 13 29 0 21, 15 14 13 1 12, 2 3 21 1 14, 16 5 31 1 26, 4 5 17 0 11, 3 5 14 0 9, 19 12 15 0 11, 14 10 14 0 13, 10 8 14 1 9, 7 9 17 1 16, 20 9 24 0 23
3 12 35 1 34, 19 11 16 1 14, 6 13 33 1 20, 7 1 38 0 34, 1 4 50 1 46, 8 6 16 0 13, 20 3 45 0 27, 2 8 23 1 17, 17 10 34 0 21, 10 5 23 0 22, 11 1 15 0 11
10 14 10 1 6, 2 7 21 1 18, 3 7 21 0 19, 13 2 44 1 41, 14 15 42 1 35, 15 2 17 1 11, 11 15 20 1 16, 6 10 32 1 23, 17 15 20 1 16, 16 4 42 0 39, 1 12 21 0 16, 7 13 5 1 4, 20 4 18 1 11, 12 6 41 0 33
3 1 22 1 21, 1 4 33 1 29, 5 4 37 0 26, 2 15 20 1 15, 9 9 19 1 12, 4 13 20 1 14, 6 5 10 1 6, 10 12 45 1 33, 11 14 17 0 11
4 5 21 0 19, 8 7 8 1 4, 6 10 27 1 16, 1 6 30 1 21, 2 14 36 0 30, 9 13 36 1 25, 3 13 8 1 7, 7 1 40 1 26, 5 3 33 0 28
14 1 5 0 4, 1 11 29 0 28, 13 3 22 1 16, 5 15 24 0 21, 15 9 39 1 30, 11 7 39 0 30, 6 13 45 1 44, 18 13 19 0 11, 4 12 41 1 27, 8 12 20 1 19, 2 8 46 1 37, 3 5 5 0 3, 7 11 15 1 13, 9 6 5 1 3, 10 4 18 1 15, 12 10 7 1 5
17 8 15 1 14, 12 4 44 0 38, 13 1 22 0 17, 1 11 41 0 29, 15 4 4 1 3, 18 2 44 1 36, 14 6 13 0 11, 16 14 13 1 11
1 9 43 1 40, 3 4 8 0 5, 9 15 19 0 11, 13 10 7 1 6, 10 9 28 1 17, 12 14 29 0 19, 7 5 30 0 20, 11 4 42 1 25, 2 1 10 1 8, 5 4 9 1 8, 8 3 8 1 7
7 3 7 1 6, 20 14 15 1 9, 8 5 16 1 9, 21 2 27 1 20, 11 8 30 1 24, 15 7 10 1 9, 6 6 5 1 3, 1 11 41 1 32, 18 11 18 1 11, 9 10 9 0 7, 10 11 11 1 10, 16 12 6 1 5, 17 13 19 1 15
18 2 15 1 13, 2 10 13 0 7, 19 1 6 0 5, 6 13 46 0 28, 7 11 19 1 17, 12 4 21 1 12, 20 9 5 1 3, 13 6 33 0 29, 1 11 44 1 26, 22 11 17 0 10, 15 8 7 1 4, 16 1 5 1 3, 17 2 42 1 39
6 5 46 1 44, 1 3 8 0 6, 9 8 16 1 14, 10 11 27 0 16, 7 3 44 0 36, 4 1 13 1 10, 5 9 17 0 14, 12 13 32 0 23, 13 9 26 0 18, 11 13 50 1 31, 16 4 18 1 10, 17 10 32 1 21
