3, 3, 3, 6, 9, 6, 3, 16, 3, 9, 13, 5, 13, 3, 13, 3, 3, 11, 3, 10, 9, 6, 9, 14, 9, 5, 14, 6, 9, 3, 5, 14, 10, 3, 6, 9, 5, 10, 16, 3, 10, 9, 11, 9, 6, 13, 11, 5, 6, 10, 16, 14, 6, 3, 6, 13, 14, 9, 9, 14, 6, 16, 6, 3, 11, 9, 16, 13, 3, 11, 16, 16, 3, 14, 6, 14, 13, 10, 3, 3, 11, 3, 14, 5, 11, 10, 10, 9, 13, 9, 5, 14, 6, 13, 6, 9, 16, 11, 6, 11, 14, 6
16 15 44 1 27, 7 5 39 0 28, 13 14 33 0 22, 9 5 30 0 25, 18 9 40 0 39, 10 3 39 0 37, 8 1 6 0 4, 14 2 11 0 8, 17 10 20 0 18, 1 4 29 1 26, 15 1 10 1 9, 5 2 19 1 15, 11 2 29 0 23, 12 4 20 0 18, 2 8 29 0 24, 6 13 5 1 3, 3 6 9 0 7, 19 3 20 0 16, 4 2 18 0 15
15 5 24 1 15, 17 3 21 1 19, 1 4 29 1 22, 14 8 11 0 7, 16 13 14 0 12, 17 3 21 1 19, 18 7 34 0 26
16 8 34 0 28, 1 4 33 0 22, 17 1 47 1 35, 2 6 19 1 17, 5 6 33 0 32, 20 9 24 0 18, 6 2 24 0 16, 3 5 14 1 10, 8 8 38 0 32, 18 10 26 1 15, 4 5 17 0 14, 19 12 15 1 9, 15 14 13 1 12, 9 11 15 0 13, 7 9 17 0 15, 14 7 10 0 6
13 2 44 1 38, 2 7 21 1 16, 16 4 42 0 26, 18 7 12 0 7, 19 13 10 1 6, 7 11 9 0 8, 11 15 20 1 15, 6 6 29 1 27, 3 13 20 0 15, 15 14 18 0 15, 14 5 43 0 35, 12 4 45 0 32, 10 14 10 0 7, 1 12 21 0 14, 20 4 18 0 13
7 8 39 1 38, 1 3 40 0 25, 8 12 44 0 28, 3 1 22 0 13, 2 6 27 0 24, 9 9 19 0 16, 10 12 45 0 35, 11 14 17 0 12
6 10 27 0 17, 1 1 38 0 36, 7 1 40 1 27, 2 14 36 1 30, 9 13 36 0 33, 8 2 6 1 3, 3 13 8 1 6, 4 5 21 0 16, 5 6 29 0 18
2 7 5 1 4, 17 8 15 0 13, 1 4 47 0 36, 5 8 24 0 16, 18 2 44 0 31, 6 15 9 0 5, 8 2 40 0 39, 7 12 29 0 21, 11 10 47 0 44
1 9 43 0 33, 9 12 10 0 9, 10 15 25 0 18, 12 14 29 1 24, 13 10 7 0 4, 11 4 42 0 41, 2 1 10 0 9, 3 7 9 0 7, 5 4 9 1 7, 7 9 29 1 24, 8 3 8 1 6
18 11 18 0 17, 3 3 33 0 28, 1 11 41 0 26, 20 14 15 0 14, 2 7 32 0 26, 21 14 14 0 10, 4 9 44 0 43, 5 6 31 0 29
