3, 8, 11, 6, 12, 4, 2, 12, 9, 18, 3, 14, 12, 6, 12, 17, 17, 5, 14, 6, 3, 9, 10, 5, 3, 13, 8, 4, 4, 9, 13, 3, 3, 12, 2, 16, 14, 17, 12, 6, 3, 2, 18, 2, 4, 12, 4, 6, 17, 11, 18, 3, 16, 14, 8, 3, 13, 2, 16, 18, 9, 3, 18, 17, 10, 14, 12, 11, 5, 11, 6, 14, 3, 6, 17, 18, 6, 12, 4, 4, 9, 6, 11, 17, 17, 8, 3, 3, 9, 3, 10, 10, 2, 2, 18, 17, 9, 10, 9, 18, 3, 14, 6, 5, 4, 13, 9, 9, 16, 11, 13, 16, 5, 11, 12, 2, 12, 9, 6, 17, 13, 6, 14, 6, 18, 2, 13, 4, 4, 16, 12, 8, 3, 9, 16, 18, 18, 16, 5, 6, 16, 16, 8, 16, 10, 4, 18, 8, 9, 17, 12, 2, 8, 12, 6, 10, 17, 14, 11, 12, 4, 5, 3, 6, 9, 13, 5, 16, 8, 17, 14, 11, 2, 3, 3, 4, 12, 16, 10
13 7 39 1 28, 8 10 41 1 40, 1 5 10 1 7, 2 8 6 0 5, 3 4 40 1 28, 5 11 43 0 35, 7 6 25 0 20, 4 9 10 1 8, 12 4 25 0 22, 6 5 38 0 31, 14 10 37 1 25
16 15 44 1 27, 18 7 29 1 22, 7 5 39 0 28, 1 7 36 1 24, 6 13 5 1 3, 17 10 20 0 18, 8 1 6 0 4, 19 3 20 0 16, 13 9 40 0 31, 5 2 19 1 15, 14 2 11 0 8, 2 11 27 1 26, 9 5 30 0 25, 4 7 13 1 11, 3 7 8 1 5, 11 2 29 0 23, 10 3 39 0 37, 15 13 17 1 15, 12 9 17 0 14
15 12 24 0 15, 7 1 23 0 14, 3 9 20 0 19, 2 8 38 1 37, 1 2 18 1 13, 13 6 21 0 12, 8 6 45 1 43, 16 9 25 0 16, 4 11 9 1 8, 9 3 5 1 4, 10 9 33 0 22, 11 7 36 0 29, 12 15 29 1 18
14 8 11 0 7, 17 3 21 1 19, 1 3 35 1 34, 15 5 24 1 15, 17 3 21 1 19, 17 14 29 0 20, 16 13 14 0 12, 18 7 34 0 26
6 10 18 1 13, 9 11 15 0 13, 1 4 33 0 22, 18 10 26 1 15, 15 14 13 1 12, 2 3 21 0 14, 4 5 17 0 14, 3 5 14 1 10, 17 12 44 1 43, 7 3 21 0 15, 19 1 18 1 17, 8 8 38 0 32, 5 6 33 0 32, 14 7 10 0 6, 16 5 31 0 24, 20 9 24 0 18
1 4 50 1 49, 20 12 48 0 32, 12 10 49 0 48, 17 10 34 1 29, 15 10 36 0 26, 13 10 44 0 40, 18 5 18 0 16, 14 14 31 1 30, 16 14 28 0 24
6 6 29 1 27, 13 2 44 1 38, 2 7 21 1 16, 10 14 10 0 7, 11 15 20 1 15, 16 4 42 0 26, 20 4 18 0 13, 14 14 44 1 30, 3 10 25 0 22, 1 12 21 0 14, 17 6 28 0 18, 15 5 14 0 13, 7 13 5 0 3, 12 4 45 0 32
3 1 22 0 13, 7 12 32 0 31, 8 12 44 0 28, 9 9 19 0 16, 10 12 45 0 35, 11 14 17 0 12, 1 3 40 0 25, 2 15 20 0 12
9 13 36 0 33, 2 14 36 1 30, 6 10 27 0 17, 8 9 10 1 9, 3 13 8 1 6, 4 13 27 0 23, 1 6 30 0 27, 7 1 40 1 27, 5 6 29 0 18
13 3 22 0 19, 17 12 38 0 30, 8 12 20 1 18, 18 9 22 1 15, 3 5 5 0 3, 2 8 46 0 29, 12 10 7 0 5, 11 7 39 1 29, 16 7 10 0 8, 9 6 5 1 4, 1 11 29 1 23, 10 4 18 0 12, 5 15 24 0 17, 4 12 41 0 37, 6 2 42 1 32, 7 11 15 0 11
16 14 13 0 11, 12 13 41 1 24, 14 6 13 1 10, 17 9 16 0 13, 1 3 46 0 41, 15 4 4 1 3, 13 9 21 0 18, 18 2 44 0 31
1 9 43 0 33, 12 14 29 1 24, 7 9 29 1 24, 4 6 25 0 19, 10 9 28 0 19, 5 4 9 1 7, 11 4 42 0 41, 9 12 10 0 9, 8 3 8 1 6, 13 10 7 0 4
18 11 18 0 17, 1 11 41 0 26, 20 14 15 0 14, 6 6 5 0 4, 21 14 14 0 10, 7 3 7 0 4, 8 5 16 1 13, 9 10 9 0 8, 10 11 11 0 10, 11 7 39 0 38, 15 4 6 1 3, 16 9 5 1 4, 17 13 19 1 15
13 6 33 1 26, 1 11 44 0 29, 16 1 5 1 4, 22 11 17 1 12, 18 2 15 0 9, 7 11 19 0 12, 2 10 13 0 12, 15 5 8 1 6, 19 1 6 1 4, 17 2 42 1 26, 20 9 5 0 4, 6 13 46 0 35, 12 8 17 1 12
4 10 18 1 16, 6 5 46 0 28, 12 5 31 0 19, 13 3 30 0 21, 5 9 17 1 14, 7 7 48 0 47, 9 15 13 0 12, 1 3 8 1 5, 11 13 50 0 36, 10 15 30 0 22, 16 4 18 1 16, 17 10 32 1 21
