4, 6, 17, 8, 15, 16, 7, 6, 4, 18, 18, 15, 17, 9, 4, 18, 13, 14, 7, 7, 6, 16, 17, 5, 17, 18, 9, 17, 4, 6, 6, 14, 18, 14, 17, 15, 7, 5, 18, 7, 16, 4, 8, 15, 5, 9, 6, 17, 9, 5, 9, 13, 15, 8, 6, 9, 14, 6, 13, 18, 18, 9, 7, 5, 8, 4, 17, 4, 7, 7, 14, 9, 8, 13, 15, 15, 8, 5, 4, 16, 14, 6, 9, 7, 6, 6, 9, 8, 18, 15, 16, 14, 9, 17, 14, 14, 17, 16, 18, 9, 4, 15, 6, 4, 4, 9, 7, 13, 7, 18, 6, 4, 17, 5, 5, 9, 4, 6, 13, 8, 14, 6, 13, 7, 13, 9, 15, 18, 6, 5, 8, 16, 16, 17, 14
13 2 22 0 21, 3 9 20 0 19, 2 12 30 1 29, 7 10 20 0 14, 4 5 8 1 6, 16 9 25 0 16, 8 6 45 1 43, 1 2 18 1 13, 15 12 24 0 15, 9 12 9 0 7, 10 9 33 0 22, 11 7 36 0 29, 12 15 29 1 18
17 3 21 1 19, 2 3 34 0 27, 17 14 29 0 20, 14 8 11 0 7, 15 5 24 1 15, 17 7 30 0 21, 1 5 36 0 26, 16 13 14 0 12, 18 7 34 0 26
2 6 19 1 17, 15 14 13 1 12, 6 3 20 1 15, 5 6 33 0 32, 16 5 31 0 24, 1 4 33 0 22, 7 15 24 0 14, 17 12 44 1 43, 18 10 26 1 15, 19 12 15 1 9, 10 15 17 0 14, 3 5 14 1 10, 9 11 15 0 13, 14 7 10 0 6, 20 9 24 0 18, 4 8 20 1 15
19 2 31 0 23, 8 5 9 0 8, 20 6 18 0 13, 9 6 24 1 14, 7 3 22 0 19, 1 7 12 0 9, 21 1 32 0 27, 13 13 19 0 13, 10 12 5 0 4, 11 2 47 0 29, 12 1 27 0 18, 18 13 26 1 19
13 10 44 0 40, 1 4 50 1 49, 15 10 36 0 26, 17 10 34 1 29, 19 11 16 1 10, 14 13 32 1 27, 12 3 43 0 38, 20 3 45 1 32, 16 14 28 0 24
16 4 42 0 26, 2 7 21 1 16, 15 5 14 0 13, 3 9 22 1 13, 10 14 10 0 7, 7 13 5 0 3, 13 2 44 1 38, 11 15 20 1 15, 14 15 42 0 38, 6 6 29 1 27, 18 7 12 0 7, 1 12 21 0 14, 19 2 9 0 8, 12 4 45 0 32, 20 4 18 0 13
1 13 50 1 48, 13 10 16 1 14, 14 6 13 1 10, 17 8 15 0 13, 18 2 44 0 31, 12 6 38 1 26, 15 4 4 1 3, 16 14 13 0 11
9 12 10 0 9, 10 15 25 0 18, 12 14 29 1 24, 5 4 9 1 7, 11 4 42 0 41, 1 9 43 0 33, 13 10 7 0 4, 3 4 8 0 5, 7 9 29 1 24, 2 12 13 1 8, 8 3 8 1 6
14 9 21 0 14, 7 9 47 0 28, 1 1 20 1 17, 2 12 41 0 27, 10 14 50 0 39, 13 5 10 0 6, 6 5 43 0 40, 12 5 48 0 35, 15 1 42 0 25, 11 13 7 1 4
20 14 15 0 14, 1 11 41 0 26, 2 7 32 0 26, 4 15 49 0 48, 18 11 18 0 17, 3 3 33 0 28, 21 14 14 0 10, 5 1 25 1 17
22 11 17 1 12, 19 1 6 1 4, 2 10 13 0 12, 18 2 15 0 9, 20 9 5 0 4, 13 6 33 1 26, 14 3 12 0 9, 1 11 44 0 29, 6 13 46 0 35, 7 11 19 0 12, 12 4 21 1 20, 17 2 42 1 26
9 15 13 0 12, 1 3 8 1 5, 13 3 30 0 21, 4 1 13 1 8, 12 13 32 0 25, 5 9 17 1 14, 6 5 46 0 28, 7 3 44 0 36, 16 4 18 1 16, 10 11 27 0 23, 17 10 32 1 21, 11 10 48 1 31
