12, 2, 6, 5, 12, 3, 2, 15, 6, 12, 2, 1, 12, 2, 3, 11, 1, 10, 12, 2, 3, 6, 12, 5, 15, 15, 12, 6, 11, 15, 1, 15, 3, 5, 3, 3, 6, 3, 2, 11, 15, 3, 15, 6, 6, 11, 3, 3, 15, 6, 3, 1, 3, 10, 6, 12, 6, 1, 15, 2, 15, 15, 12, 5, 3, 1, 12, 12, 3, 10, 2, 5, 10, 1, 6, 10, 11, 10, 3, 12, 2, 2, 5, 6, 11, 6, 11, 10, 12, 1, 3, 10, 12, 3, 12, 3, 3, 11, 6, 2, 5, 6, 15, 6, 11, 12
4 12 43 0 28, 6 12 25 0 21, 2 15 18 0 12, 7 11 39 1 31, 1 14 10 1 9, 5 13 30 0 26, 3 15 43 1 39, 8 8 47 1 35
12 12 30 0 20, 5 1 33 0 27, 2 9 8 0 5, 7 6 25 0 20, 8 10 41 1 40, 13 7 39 1 28, 4 7 20 1 15, 1 8 16 1 10, 3 4 40 1 28, 6 5 38 0 31, 14 10 37 1 25
16 15 44 1 27, 5 2 19 1 15, 9 5 30 0 25, 7 5 39 0 28, 13 14 33 0 22, 10 3 39 0 37, 17 10 20 0 18, 1 4 29 1 26, 8 1 6 0 4, 19 3 20 0 16, 18 7 29 1 22, 15 1 10 1 9, 6 13 5 1 3, 2 8 29 0 24, 12 4 20 0 18, 14 2 11 0 8, 11 2 29 0 23, 3 7 8 1 5, 4 2 18 0 15
15 5 24 1 15, 17 3 21 1 19, 14 8 11 0 7, 1 3 35 1 34, 16 13 14 0 12, 17 3 21 1 19, 18 10 40 1 38
5 6 33 0 32, 4 5 17 0 14, 6 10 18 1 13, 15 14 13 1 12, 8 8 38 0 32, 17 1 47 1 35, 7 9 17 0 15, 19 12 15 1 9, 3 5 14 1 10, 1 4 33 0 22, 18 9 30 0 28, 2 6 19 1 17, 16 5 31 0 24, 9 11 15 0 13, 20 9 24 0 18, 14 7 10 0 6
3 1 22 0 13, 1 4 33 1 21, 8 12 44 0 28, 7 12 32 0 31, 10 12 45 0 35, 2 15 20 0 12, 9 9 19 0 16, 11 14 17 0 12
1 6 30 0 27, 8 2 6 1 3, 4 5 21 0 16, 3 12 12 0 10, 2 14 36 1 30, 9 13 36 0 33, 6 10 27 0 17, 5 3 33 1 27, 7 14 42 0 35
18 13 19 0 11, 16 7 10 0 8, 10 4 18 0 12, 1 11 29 1 23, 17 4 41 0 28, 6 13 45 0 40, 5 15 24 0 17, 13 3 22 0 19, 2 8 46 0 29, 8 12 20 1 18, 4 12 41 0 37, 11 7 39 1 29, 9 6 5 1 4, 3 5 5 0 3, 7 8 19 0 12, 12 10 7 0 5
15 1 42 0 25, 12 7 45 1 39, 1 11 18 1 14, 14 9 21 0 14, 3 6 17 1 10, 11 13 7 1 4, 13 5 10 0 6, 7 9 47 0 28, 10 14 50 0 39, 4 7 8 1 5, 5 2 12 1 7, 6 5 43 0 40
