6, 2, 17, 18, 6, 10, 15, 1, 2, 15, 8, 12, 10, 12, 4, 6, 7, 14, 17, 2, 4, 4, 12, 2, 17, 12, 6, 12, 14, 14, 7, 7, 8, 6, 1, 15, 18, 17, 1, 7, 10, 14, 15, 8, 18, 8, 7, 12, 4, 10, 2, 18, 4, 18, 10, 17, 12, 6, 6, 8, 7, 1, 18, 4, 7, 4, 15, 12, 18, 18, 14, 1, 7, 1, 17, 4, 2, 18, 4, 8, 17, 12, 18, 2, 2, 2, 17, 4, 2, 1, 15, 7, 10, 18, 6, 12, 10, 14, 12, 6, 17, 6, 1, 12, 14, 15, 15, 14, 8, 7, 17, 17, 2, 15, 12, 7, 6, 6, 15, 12, 4, 10, 6, 8, 17, 14, 4, 15, 14, 6, 8, 15, 7, 12, 6, 18, 10, 12, 17, 2, 6, 14, 4
5 13 30 0 26, 1 9 13 1 9, 7 11 39 1 31, 4 12 43 0 28, 2 15 18 0 12, 6 12 25 0 21, 3 15 43 1 39, 8 8 47 1 35
4 9 10 1 8, 8 10 41 1 40, 9 2 10 1 6, 5 1 33 0 27, 3 4 40 1 28, 6 5 38 0 31, 10 14 24 1 23, 1 5 10 1 7, 7 11 33 0 31, 11 6 38 1 29, 2 8 6 0 5, 14 12 40 0 29
15 12 24 0 15, 2 12 30 1 29, 1 2 18 1 13, 16 7 23 1 16, 8 6 45 1 43, 3 9 20 0 19, 7 10 20 0 14, 9 3 5 1 4, 10 9 33 0 22, 4 5 8 1 6, 13 1 28 0 16, 11 11 41 1 38, 12 15 29 1 18
15 14 13 1 12, 7 9 17 0 15, 5 6 33 0 32, 3 5 14 1 10, 2 6 19 1 17, 17 1 47 1 35, 10 8 14 0 12, 20 11 25 0 22, 6 10 18 1 13, 18 10 26 1 15, 9 11 15 0 13, 14 10 14 0 13, 1 4 33 0 22, 16 5 31 0 24, 19 1 18 1 17, 4 5 17 0 14
1 8 17 1 10, 11 2 47 0 29, 10 12 5 0 4, 20 6 18 0 13, 9 6 24 1 14, 7 3 22 0 19, 12 1 27 0 18, 8 10 10 1 6, 21 1 32 0 27, 19 2 31 0 23, 13 13 19 0 13, 18 13 26 1 19
1 4 50 1 49, 13 10 44 0 40, 17 10 34 1 29, 15 13 38 1 25, 12 3 43 0 38, 18 7 15 1 14, 16 14 28 0 24, 14 14 31 1 30, 20 3 45 1 32
4 13 20 0 15, 9 9 19 0 16, 2 15 20 0 12, 5 7 35 1 23, 1 4 33 1 21, 3 13 24 1 22, 10 12 45 0 35, 6 5 10 1 7, 11 14 17 0 12
1 11 29 1 23, 18 5 21 0 16, 8 3 18 1 16, 10 4 18 0 12, 2 15 44 1 34, 16 7 10 0 8, 13 3 22 0 19, 17 12 38 0 30, 6 2 42 1 32, 3 5 5 0 3, 4 12 41 0 37, 12 10 7 0 5, 11 7 39 1 29, 5 15 24 0 17, 9 6 5 1 4, 7 11 15 0 11
10 15 25 0 18, 2 1 10 0 9, 12 14 29 1 24, 11 4 42 0 41, 13 6 9 0 7, 9 12 10 0 9, 1 3 46 1 39, 3 4 8 0 5, 5 4 9 1 7, 7 9 29 1 24, 8 3 8 1 6
3 6 17 1 10, 10 14 50 0 39, 11 13 7 1 4, 7 9 47 0 28, 12 5 48 0 35, 5 2 12 1 7, 14 9 21 0 14, 1 11 18 1 14, 4 7 8 1 5, 6 5 43 0 40, 13 5 10 0 6, 15 1 42 0 25
2 10 13 0 12, 1 11 44 0 29, 22 11 17 1 12, 18 2 15 0 9, 20 9 5 0 4, 13 6 33 1 26, 16 1 5 1 4, 6 13 46 0 35, 15 8 7 1 6, 7 11 19 0 12, 17 2 42 1 26, 19 1 6 1 4, 12 8 17 1 12
6 5 46 0 28, 4 1 13 1 8, 7 7 48 0 47, 1 3 8 1 5, 12 15 36 0 21, 10 11 27 0 23, 13 9 26 0 18, 5 9 17 1 14, 8 5 17 1 11, 16 4 18 1 16, 17 3 36 0 32, 11 10 48 1 31
