3, 12, 12, 7, 13, 3, 9, 9, 6, 6, 9, 9, 2, 3, 14, 12, 7, 2, 12, 1, 9, 4, 8, 9, 18, 9, 5, 3, 16, 4, 15, 16, 14, 17, 7, 3, 7, 14, 11, 18, 6, 12, 6, 2, 15, 4, 2, 12, 18, 9, 7, 6, 13, 14, 11, 1, 17, 6, 15, 17, 17, 2, 15, 7, 11, 3, 16, 12, 18, 1, 5, 2, 11, 7, 3, 6, 6, 7, 12, 11, 9, 9, 5, 3, 15, 6, 9, 2, 18, 16, 12, 10, 14, 13, 16, 17, 1, 1, 5, 4, 18, 11, 10, 3, 3, 8, 4, 6, 14, 8, 10, 12, 11, 7, 13, 18, 2, 12, 7, 8, 16, 17, 3, 4, 4, 1, 18, 8, 17, 6, 9, 13, 7, 17, 14, 4, 4, 17, 2, 10, 8, 10, 6, 12, 3, 4, 9, 5, 4, 2, 17, 3, 12, 17, 9, 18, 15, 13, 14, 1, 13, 16, 15, 16, 18, 9, 3, 8, 8, 5, 10, 3, 11, 17, 4, 15, 10, 12, 14, 10, 18, 3, 6, 3, 5, 14, 17, 8, 11, 18, 3, 6, 6, 14, 15, 12, 6, 2, 13, 12, 4, 3, 15, 1, 7
6 12 25 0 21, 2 15 18 0 12, 4 12 43 0 28, 1 14 10 1 9, 5 13 30 0 26, 3 15 43 1 39, 7 11 39 1 31, 8 8 47 1 35
13 7 39 1 28, 8 15 44 1 39, 1 5 10 1 7, 14 10 37 1 25, 2 8 6 0 5, 7 6 25 0 20, 12 12 30 0 20, 3 4 40 1 28, 4 9 10 1 8, 5 11 43 0 35, 6 5 38 0 31
17 10 20 0 18, 16 10 49 1 29, 13 14 33 0 22, 9 5 30 0 25, 7 5 39 0 28, 15 14 16 0 11, 1 4 29 1 26, 14 2 11 0 8, 2 2 35 1 22, 10 4 45 0 37, 3 7 8 1 5, 5 2 19 1 15, 8 1 6 0 4, 6 13 5 1 3, 18 7 29 1 22, 19 3 20 0 16, 4 2 18 0 15, 11 9 33 0 26, 12 12 16 0 11
3 9 20 0 19, 14 10 18 0 15, 8 6 45 1 43, 9 3 5 1 4, 4 5 8 1 6, 16 9 25 0 16, 13 6 21 0 12, 1 2 18 1 13, 11 7 36 0 29, 7 1 23 0 14, 2 8 38 1 37, 10 9 33 0 22, 12 14 31 0 23
17 3 21 1 19, 15 13 26 1 20, 1 4 29 1 22, 14 8 11 0 7, 17 3 21 1 19, 16 13 14 0 12, 18 7 34 0 26
4 8 20 1 15, 6 10 18 1 13, 8 8 38 0 32, 17 12 44 1 43, 1 4 33 0 22, 16 5 31 0 24, 18 9 30 0 28, 19 12 15 1 9, 7 9 17 0 15, 3 5 14 1 10, 5 6 33 0 32, 2 6 19 1 17, 9 11 15 0 13, 15 14 13 1 12, 14 10 14 0 13, 20 9 24 0 18
1 7 12 0 9, 7 3 22 0 19, 8 5 9 0 8, 9 2 28 0 18, 19 2 31 0 23, 10 12 5 0 4, 11 2 47 0 29, 21 1 32 0 27, 20 5 22 1 16, 12 1 27 0 18, 13 9 18 1 16, 18 5 30 1 21
1 4 50 1 49, 12 3 43 0 38, 13 10 44 0 40, 17 10 34 1 29, 14 14 31 1 30, 18 5 18 0 16, 15 10 36 0 26, 16 14 28 0 24, 20 3 45 1 32
17 15 20 0 15, 1 12 21 0 14, 7 11 9 0 8, 4 3 13 1 7, 10 14 10 0 7, 13 2 44 1 38, 11 11 22 1 21, 20 4 18 0 13, 14 15 42 0 38, 16 2 45 0 35, 2 7 21 1 16, 5 6 5 0 3, 6 2 33 0 30, 15 6 20 1 15, 12 6 41 1 37
7 12 32 0 31, 8 12 44 0 28, 11 14 17 0 12, 3 1 22 0 13, 9 2 23 0 19, 10 12 45 0 35, 1 4 33 1 21, 2 15 20 0 12
9 13 36 0 33, 7 1 40 1 27, 8 7 8 1 7, 1 1 38 0 36, 3 13 8 1 6, 4 13 27 0 23, 2 14 36 1 30, 6 10 27 0 17, 5 6 29 0 18
9 14 7 0 4, 6 13 45 0 40, 13 3 22 0 19, 1 1 31 1 24, 3 5 5 0 3, 10 4 18 0 12, 11 7 39 1 29, 18 5 21 0 16, 8 3 18 1 16, 16 10 13 0 12, 12 10 7 0 5, 2 15 44 1 34, 4 12 41 0 37, 5 15 24 0 17, 17 12 38 0 30, 7 11 15 0 11
17 9 16 0 13, 12 6 38 1 26, 15 4 4 1 3, 18 15 50 0 42, 13 10 16 1 14, 1 11 41 1 31, 14 1 15 1 9, 16 14 13 0 11
8 3 8 1 6, 9 15 19 1 18, 1 9 43 0 33, 12 14 29 1 24, 2 1 10 0 9, 11 15 47 0 37, 5 4 9 1 7, 7 9 29 1 24, 3 7 9 0 7, 10 15 25 0 18, 13 10 7 0 4
12 5 48 0 35, 1 11 18 1 14, 14 9 21 0 14, 10 14 50 0 39, 13 1 9 1 8, 11 8 6 0 5, 2 12 41 0 27, 15 1 42 0 25, 7 9 47 0 28, 6 5 43 0 40
18 11 18 0 17, 20 14 15 0 14, 1 11 41 0 26, 3 3 33 0 28, 21 12 29 1 25, 2 7 32 0 26, 4 4 40 0 35, 5 1 25 1 17
13 6 33 1 26, 1 11 44 0 29, 12 8 17 1 12, 15 8 7 1 6, 18 2 15 0 9, 16 1 5 1 4, 2 10 13 0 12, 20 9 5 0 4, 19 1 6 1 4, 7 11 19 0 12, 17 2 42 1 26, 6 13 46 0 35, 22 11 17 1 12
4 1 13 1 8, 5 9 17 1 14, 16 4 18 1 16, 7 3 44 0 36, 1 3 8 1 5, 12 13 32 0 25, 13 9 26 0 18, 10 3 28 0 25, 6 5 46 0 28, 9 15 13 0 12, 17 10 32 1 21, 11 13 50 0 36
