3, 8, 12, 14, 17, 18, 18, 6, 9, 12, 3, 2, 12, 2, 8, 9, 2, 6, 5, 3, 3, 14, 3, 8, 12, 8, 17, 6, 11, 12, 9, 17, 12, 11, 6, 18, 3, 17, 6, 18, 9, 3, 14, 18, 11, 15, 8, 6, 11, 15, 9, 18, 12, 12, 3, 14, 5, 6, 12, 15, 3, 9, 5, 6, 11, 6, 17, 15, 3, 3, 2, 2, 3, 2, 18, 6, 12, 3, 3, 17, 15, 18, 8, 14, 17, 3, 12, 3, 14, 2, 12, 15, 17, 2, 8, 5, 15, 18, 14, 5, 11, 12, 6, 9, 3, 8, 17, 9, 2, 18, 9, 12, 6, 17, 18, 12, 15, 3, 5, 9, 14, 8, 2, 9, 18, 15, 8, 17, 5, 14, 6, 9, 2, 12, 17, 14, 9, 9, 11, 11, 15, 14, 3, 8, 11, 6, 8, 6, 6
8 10 41 1 40, 7 15 30 1 19, 1 8 16 1 10, 13 7 39 1 28, 4 9 10 1 8, 12 4 25 0 22, 14 12 40 0 29, 5 1 33 0 27, 2 8 6 0 5, 3 4 40 1 28, 6 5 38 0 31
7 5 39 0 28, 16 15 44 1 27, 6 12 9 1 5, 10 3 39 0 37, 19 3 20 0 16, 17 10 20 0 18, 8 1 6 0 4, 9 5 30 0 25, 5 2 19 1 15, 14 2 11 0 8, 3 7 8 1 5, 11 9 33 0 26, 18 7 29 1 22, 15 1 10 1 9, 1 4 29 1 26, 13 14 33 0 22, 2 11 27 1 26, 4 7 13 1 11, 12 4 20 0 18
15 3 27 0 21, 17 2 27 0 19, 1 4 29 1 22, 14 8 11 0 7, 17 3 21 1 19, 16 13 14 0 12, 18 7 34 0 26
17 12 44 1 43, 4 5 17 0 14, 5 6 33 0 32, 16 5 31 0 24, 3 5 14 1 10, 18 9 30 0 28, 6 10 18 1 13, 1 4 33 0 22, 9 11 15 0 13, 20 11 25 0 22, 19 5 19 1 15, 7 9 17 0 15, 2 6 19 1 17, 10 8 14 0 12, 15 14 13 1 12, 14 7 10 0 6
1 4 50 1 49, 18 7 15 1 14, 4 8 16 0 11, 10 5 23 0 21, 5 2 18 0 11, 3 12 35 1 21, 17 10 34 1 29, 7 3 35 1 30, 20 3 45 1 32, 2 15 21 0 14, 8 6 16 1 9, 11 1 15 1 11
13 2 44 1 38, 16 4 42 0 26, 2 7 21 1 16, 11 3 28 1 27, 6 6 29 1 27, 12 6 41 1 37, 7 15 6 1 5, 3 13 20 0 15, 14 15 42 0 38, 17 15 20 0 15, 10 14 10 0 7, 15 14 18 0 15, 1 12 21 0 14, 20 4 18 0 13
2 14 36 1 30, 8 2 6 1 3, 9 13 36 0 33, 1 6 30 0 27, 7 1 40 1 27, 4 13 27 0 23, 6 10 27 0 17, 3 13 8 1 6, 5 6 29 0 18
1 1 31 1 24, 18 13 19 0 11, 14 8 8 0 5, 13 3 22 0 19, 10 4 18 0 12, 15 9 39 1 31, 8 3 18 1 16, 5 15 24 0 17, 2 8 46 0 29, 3 5 5 0 3, 9 6 5 1 4, 4 12 41 0 37, 6 2 42 1 32, 11 7 39 1 29, 7 8 19 0 12, 12 10 7 0 5
1 9 43 0 33, 9 12 10 0 9, 12 14 29 1 24, 2 1 10 0 9, 11 4 42 0 41, 5 4 9 1 7, 13 10 7 0 4, 3 4 8 0 5, 7 9 29 1 24, 10 15 25 0 18, 8 2 9 1 8
12 7 45 1 39, 13 6 11 0 7, 10 14 50 0 39, 1 11 18 1 14, 15 1 42 0 25, 7 9 47 0 28, 11 8 6 0 5, 14 6 24 0 23, 2 13 43 1 33, 6 5 43 0 40
13 6 33 1 26, 12 8 17 1 12, 18 2 15 0 9, 1 11 44 0 29, 21 3 15 1 13, 15 8 7 1 6, 7 2 23 1 19, 22 11 17 1 12, 2 10 13 0 12, 6 13 46 0 35, 16 8 8 0 7, 17 2 42 1 26
7 3 44 0 36, 13 6 28 0 27, 8 6 14 0 13, 16 4 18 1 16, 3 2 21 1 19, 10 11 27 0 23, 1 8 13 1 9, 2 5 16 0 13, 6 5 46 0 28, 12 5 31 0 19, 11 10 48 1 31, 17 10 32 1 21
