2, 17, 18, 17, 12, 8, 12, 4, 12, 15, 18, 2, 4, 4, 18, 15, 8, 15, 12, 7, 12, 7, 1, 2, 12, 17, 12, 2, 4, 18, 2, 15, 2, 15, 7, 1, 8, 4, 15, 1, 7, 4, 8, 17, 18, 12, 12, 1, 18, 17, 17, 18, 12, 8, 2, 4, 8, 8, 1, 7, 4, 15, 17, 7, 18, 2, 17, 1, 12, 18, 12, 18, 4, 2, 4, 4, 15, 7, 8, 17, 7, 15, 17, 1, 15, 15, 7, 18, 7, 17, 12, 2, 4, 7, 15, 8, 1, 12, 17, 2, 12, 4, 12, 18, 7
4 12 43 0 28, 1 14 10 1 9, 5 13 30 0 26, 3 15 43 1 39, 7 11 39 1 31, 2 15 18 0 12, 6 12 25 0 21, 8 8 47 1 35
2 9 8 0 5, 8 15 44 1 39, 7 6 25 0 20, 5 1 33 0 27, 1 5 10 1 7, 12 4 25 0 22, 3 4 40 1 28, 4 6 14 0 9, 13 7 39 1 28, 14 10 37 1 25, 6 5 38 0 31
15 12 24 0 15, 16 7 23 1 16, 4 5 8 1 6, 7 10 20 0 14, 8 6 45 1 43, 1 2 18 1 13, 3 9 20 0 19, 2 12 30 1 29, 13 6 21 0 12, 9 3 5 1 4, 10 9 33 0 22, 11 7 36 0 29, 12 15 29 1 18
1 7 12 0 9, 19 1 35 0 24, 11 2 47 0 29, 7 3 22 0 19, 9 6 24 1 14, 20 6 18 0 13, 21 1 32 0 27, 8 5 9 0 8, 10 12 5 0 4, 12 1 27 0 18, 13 14 20 1 16, 18 13 26 1 19
1 4 50 1 49, 16 14 28 0 24, 13 10 44 0 40, 17 10 34 1 29, 15 10 36 0 26, 12 3 43 0 38, 19 11 16 1 10, 14 14 31 1 30, 20 3 45 1 32
16 7 10 0 8, 1 1 31 1 24, 9 6 5 1 4, 3 5 5 0 3, 4 12 41 0 37, 13 3 22 0 19, 17 12 38 0 30, 8 3 18 1 16, 11 7 39 1 29, 12 6 13 1 7, 2 8 46 0 29, 18 5 21 0 16, 6 13 45 0 40, 5 15 24 0 17, 10 4 18 0 12, 7 11 15 0 11
7 9 47 0 28, 5 2 12 1 7, 12 7 45 1 39, 14 9 21 0 14, 1 11 18 1 14, 10 14 50 0 39, 13 1 9 1 8, 15 1 42 0 25, 3 6 17 1 10, 11 13 7 1 4, 4 7 8 1 5, 6 5 43 0 40
6 13 46 0 35, 14 3 12 0 9, 2 10 13 0 12, 7 11 19 0 12, 12 8 17 1 12, 18 2 15 0 9, 19 1 6 1 4, 17 2 42 1 26, 1 11 44 0 29, 20 9 5 0 4, 13 6 33 1 26, 22 11 17 1 12
10 11 27 0 23, 12 13 32 0 25, 7 3 44 0 36, 16 4 18 1 16, 8 13 10 1 8, 6 5 46 0 28, 4 1 13 1 8, 1 3 8 1 5, 5 9 17 1 14, 11 10 48 1 31, 13 9 26 0 18, 17 10 32 1 21
