4, 3, 2, 3, 12, 13, 12, 1, 6, 5, 4, 15, 1, 4, 4, 12, 10, 3, 15, 14, 12, 12, 14, 2, 2, 12, 13, 4, 2, 3, 6, 3, 12, 15, 3, 11, 3, 2, 4, 15, 15, 5, 1, 6, 3, 6, 4, 3, 3, 14, 15, 5, 6, 2, 12, 3, 14, 1, 2, 3, 3, 6, 14, 6, 11, 6, 14, 14, 11, 6, 13, 10, 6, 6, 10, 3, 13, 11, 2, 3, 15, 13, 1, 13, 4, 15, 5, 12, 6, 11, 3, 13, 12, 2, 12, 6, 13, 11, 10, 2, 12, 15, 1, 11, 4, 12, 14, 4, 3, 12, 15, 2, 1, 14, 15, 10, 3, 4, 10, 5, 1, 10, 6, 13, 10, 5, 4, 2, 15, 6, 11, 3, 14, 14, 11, 12, 12, 6, 5
4 12 43 0 28, 1 14 10 1 9, 2 11 24 0 21, 7 5 49 1 40, 6 12 25 0 21, 5 13 30 0 26, 3 15 43 1 39, 8 8 47 1 35
5 1 33 0 27, 7 11 33 0 31, 1 5 10 1 7, 10 15 30 0 29, 2 15 7 0 4, 3 4 40 1 28, 8 10 41 1 40, 6 5 38 0 31, 4 9 10 1 8, 9 13 12 0 8, 11 6 38 1 29, 14 12 40 0 29
16 15 44 1 27, 9 5 30 0 25, 5 2 19 1 15, 17 10 20 0 18, 1 4 29 1 26, 6 12 9 1 5, 2 8 29 0 24, 7 5 39 0 28, 8 1 6 0 4, 4 7 13 1 11, 10 4 45 0 37, 3 1 11 1 6, 18 7 29 1 22, 14 4 12 0 10, 11 2 29 0 23, 19 3 20 0 16, 13 14 33 0 22, 15 1 10 1 9, 12 12 16 0 11
7 10 20 0 14, 13 2 22 0 21, 1 2 18 1 13, 16 9 25 0 16, 5 3 29 1 23, 8 6 45 1 43, 11 7 36 0 29, 14 10 18 0 15, 9 12 9 0 7, 6 4 33 0 23, 10 9 33 0 22, 12 15 29 1 18
1 5 36 0 26, 17 14 29 0 20, 15 13 26 1 20, 17 3 21 1 19, 14 8 11 0 7, 16 13 14 0 12, 18 14 35 0 24
5 6 33 0 32, 17 12 44 1 43, 6 10 18 1 13, 18 10 26 1 15, 10 8 14 0 12, 15 14 13 1 12, 16 5 31 0 24, 7 9 17 0 15, 1 3 38 1 30, 4 5 17 0 14, 19 5 19 1 15, 3 5 14 1 10, 20 11 25 0 22, 9 11 15 0 13, 2 6 19 1 17, 14 10 14 0 13
1 4 33 1 21, 2 15 20 0 12, 3 13 24 1 22, 7 12 32 0 31, 8 12 44 0 28, 9 9 19 0 16, 10 12 45 0 35, 11 14 17 0 12
9 13 36 0 33, 4 5 21 0 16, 1 6 30 0 27, 8 11 11 0 10, 2 14 36 1 30, 7 14 42 0 35, 6 10 27 0 17, 3 13 8 1 6, 5 6 29 0 18
1 11 29 1 23, 9 6 5 1 4, 3 5 5 0 3, 2 8 46 0 29, 17 4 41 0 28, 13 3 22 0 19, 5 15 24 0 17, 6 13 45 0 40, 8 12 20 1 18, 10 4 18 0 12, 4 12 41 0 37, 12 10 7 0 5, 11 7 39 1 29, 16 7 10 0 8, 18 13 19 0 11, 7 11 15 0 11
2 7 5 1 4, 17 8 15 0 13, 5 8 24 0 16, 7 2 27 0 21, 8 2 40 0 39, 1 13 50 1 48, 11 10 47 0 44, 6 9 4 1 3, 18 2 44 0 31
1 9 43 0 33, 3 4 8 0 5, 7 5 30 0 29, 10 9 28 0 19, 9 12 10 0 9, 13 6 9 0 7, 11 14 43 1 38, 12 14 29 1 24, 5 4 9 1 7, 2 1 10 0 9, 8 3 8 1 6
10 14 50 0 39, 11 8 6 0 5, 12 7 45 1 39, 14 9 21 0 14, 7 9 47 0 28, 4 7 8 1 5, 1 11 18 1 14, 13 1 9 1 8, 3 6 17 1 10, 5 2 12 1 7, 15 1 42 0 25, 6 5 43 0 40
