5, 3, 14, 11, 9, 6, 9, 18, 2, 6, 3, 2, 18, 7, 10, 7, 2, 16, 7, 7, 3, 18, 18, 9, 3, 16, 3, 18, 14, 9, 2, 10, 3, 6, 9, 11, 7, 9, 3, 2, 3, 3, 14, 6, 6, 6, 10, 11, 9, 11, 2, 6, 7, 6, 18, 3, 2, 3, 9, 9, 18, 11, 9, 7, 9, 7, 14, 9, 13, 18, 3, 3, 10, 16, 7, 16, 14, 5, 13, 6, 2, 16, 18, 13, 3, 6, 3, 11, 5, 14, 10, 10, 18, 13, 14, 3, 5, 9, 9, 2, 18, 6, 6, 5, 14, 10, 14, 3, 16, 3, 6, 5, 13, 9, 2, 13, 2, 11, 11, 16, 5, 13, 9, 14, 7, 11, 18, 6, 13, 7, 7, 3, 10, 16, 6, 6, 14
7 6 25 0 20, 13 7 39 1 28, 1 8 16 1 10, 4 9 10 1 8, 5 1 33 0 27, 14 10 37 1 25, 8 10 41 1 40, 2 8 6 0 5, 3 4 40 1 28, 12 4 25 0 22, 6 5 38 0 31
16 15 44 1 27, 19 15 31 0 19, 7 5 39 0 28, 1 11 34 1 30, 13 14 33 0 22, 17 10 20 0 18, 2 8 29 0 24, 5 2 19 1 15, 10 3 39 0 37, 8 12 9 0 7, 14 2 11 0 8, 9 14 33 0 21, 18 7 29 1 22, 6 13 5 1 3, 3 14 12 0 8, 15 14 16 0 11, 11 2 29 0 23, 4 3 20 0 12, 12 12 16 0 11
15 3 27 0 21, 1 5 36 0 26, 17 3 21 1 19, 17 14 29 0 20, 14 8 11 0 7, 16 13 14 0 12, 18 14 35 0 24
17 12 44 1 43, 7 9 17 0 15, 18 10 26 1 15, 8 8 38 0 32, 6 10 18 1 13, 5 11 39 1 24, 3 5 14 1 10, 1 4 33 0 22, 9 11 15 0 13, 16 1 36 0 34, 2 3 21 0 14, 4 8 20 1 15, 19 5 19 1 15, 15 2 14 0 13, 20 9 24 0 18, 14 7 10 0 6
20 6 18 0 13, 21 10 28 1 17, 1 7 12 0 9, 10 12 5 0 4, 8 5 9 0 8, 11 2 47 0 29, 12 8 30 1 24, 9 2 28 0 18, 19 2 31 0 23, 7 3 22 0 19, 13 9 18 1 16, 18 13 26 1 19
16 4 42 0 26, 13 2 44 1 38, 18 2 10 1 9, 1 12 21 0 14, 7 13 5 0 3, 5 6 5 0 3, 2 7 21 1 16, 14 5 43 0 35, 4 3 13 1 7, 6 6 29 1 27, 19 2 9 0 8, 15 2 17 0 11, 10 14 10 0 7, 11 15 20 1 15, 12 6 41 1 37, 20 4 18 0 13
1 4 33 1 21, 8 12 44 0 28, 2 15 20 0 12, 9 9 19 0 16, 7 12 32 0 31, 3 13 24 1 22, 10 12 45 0 35, 11 14 17 0 12
8 2 6 1 3, 7 1 40 1 27, 6 10 27 0 17, 9 13 36 0 33, 1 1 38 0 36, 2 14 36 1 30, 3 13 8 1 6, 4 14 25 1 16, 5 6 29 0 18
12 4 44 1 41, 14 6 13 1 10, 13 12 18 1 16, 17 8 15 0 13, 15 4 4 1 3, 1 11 41 1 31, 18 15 50 0 42, 16 14 13 0 11
12 14 29 1 24, 1 9 43 0 33, 11 4 42 0 41, 9 12 10 0 9, 13 6 9 0 7, 2 7 11 0 7, 7 5 30 0 29, 10 9 28 0 19, 3 7 9 0 7, 5 4 9 1 7, 8 3 8 1 6
1 11 41 0 26, 18 11 18 0 17, 3 6 39 1 23, 2 7 32 0 26, 20 14 15 0 14, 4 4 40 0 35, 5 2 30 1 24, 21 2 27 0 26
7 3 44 0 36, 12 5 31 0 19, 1 3 8 1 5, 9 8 16 0 13, 5 9 17 1 14, 6 5 46 0 28, 13 6 28 0 27, 16 15 19 1 18, 10 11 27 0 23, 4 5 16 1 10, 17 10 32 1 21, 11 10 48 1 31
