3, 6, 9, 3, 17, 15, 17, 9, 2, 9, 12, 12, 18, 6, 2, 9, 3, 18, 6, 12, 9, 15, 2, 18, 3, 18, 15, 9, 3, 6, 6, 3, 12, 3, 2, 9, 2, 6, 9, 3, 6, 9, 17, 2, 18, 15, 11, 18, 12, 3, 11, 17, 12, 6, 11, 9, 11, 18, 11, 12, 12, 15, 12, 3, 6, 3, 18, 9, 12, 12, 17, 9, 3, 3, 6, 2, 11, 3, 6, 17, 18, 3, 2, 6, 15, 9, 17, 17, 3, 6, 9, 3, 12, 2, 17, 17, 15, 12, 18, 15, 2, 6, 18, 3, 17, 12, 17, 15, 11, 11, 12, 6, 18, 15, 2, 12, 9, 11, 3, 6
2 9 8 0 5, 4 9 10 1 8, 7 6 25 0 20, 14 10 37 1 25, 8 10 41 1 40, 12 12 30 0 20, 5 1 33 0 27, 13 7 39 1 28, 1 8 16 1 10, 3 4 40 1 28, 6 5 38 0 31
17 10 20 0 18, 16 15 44 1 27, 18 7 29 1 22, 6 13 5 1 3, 1 4 29 1 26, 7 5 39 0 28, 14 2 11 0 8, 5 2 19 1 15, 4 3 20 0 12, 2 8 29 0 24, 3 7 8 1 5, 8 12 9 0 7, 19 3 20 0 16, 9 5 30 0 25, 10 3 39 0 37, 11 2 29 0 23, 15 14 16 0 11, 13 14 33 0 22, 12 12 16 0 11
5 6 33 0 32, 4 5 17 0 14, 1 4 33 0 22, 15 14 13 1 12, 17 12 44 1 43, 16 1 36 0 34, 6 10 18 1 13, 3 5 14 1 10, 2 2 22 1 15, 7 9 17 0 15, 20 9 24 0 18, 9 11 15 0 13, 19 12 15 1 9, 8 8 38 0 32, 18 9 30 0 28, 14 10 14 0 13
16 2 45 0 35, 13 2 44 1 38, 10 14 10 0 7, 1 14 23 1 14, 2 7 21 1 16, 18 2 10 1 9, 3 13 20 0 15, 14 15 42 0 38, 20 4 18 0 13, 6 10 32 1 27, 11 15 20 1 15, 7 13 5 0 3, 15 9 21 0 18, 19 2 9 0 8, 12 6 41 1 37
1 1 38 0 36, 8 2 6 1 3, 2 14 36 1 30, 6 10 27 0 17, 7 15 46 1 37, 3 13 8 1 6, 4 5 21 0 16, 5 3 33 1 27, 9 13 36 0 33
1 11 29 1 23, 4 12 41 0 37, 3 5 5 0 3, 2 15 44 1 34, 13 3 22 0 19, 8 3 18 1 16, 16 7 10 0 8, 9 6 5 1 4, 10 4 18 0 12, 17 12 38 0 30, 6 2 42 1 32, 18 5 21 0 16, 5 15 24 0 17, 7 11 15 0 11, 11 7 39 1 29, 12 10 7 0 5
12 7 45 1 39, 14 3 22 0 19, 6 5 43 0 40, 7 9 47 0 28, 10 14 50 0 39, 1 11 18 1 14, 13 1 9 1 8, 15 12 47 1 34, 2 12 41 0 27, 11 8 6 0 5
16 1 5 1 4, 21 12 18 0 13, 6 13 46 0 35, 13 6 33 1 26, 1 11 44 0 29, 2 10 13 0 12, 12 8 17 1 12, 18 2 15 0 9, 7 11 19 0 12, 22 11 17 1 12, 15 8 7 1 6, 17 2 42 1 26
4 5 16 1 10, 5 9 17 1 14, 12 5 31 0 19, 13 6 28 0 27, 7 3 44 0 36, 8 13 10 1 8, 10 11 27 0 23, 1 8 13 1 9, 16 4 18 1 16, 17 10 32 1 21, 11 10 48 1 31, 6 8 47 0 41
