17, 14, 4, 7, 8, 17, 4, 10, 5, 7, 14, 7, 10, 4, 8, 13, 14, 1, 2, 5, 4, 11, 4, 2, 2, 16, 11, 7, 14, 2, 4, 13, 17, 17, 2, 16, 1, 17, 16, 17, 1, 13, 10, 1, 11, 17, 8, 2, 11, 1, 7, 14, 11, 10, 2, 5, 4, 16, 13, 7, 5, 4, 14, 8, 7, 7, 8, 17, 11, 17, 16, 2, 14, 8, 4, 13, 10, 13, 14, 7, 1, 4, 16, 1, 2, 17, 10, 11, 8, 4, 11, 17, 1, 2, 5, 13, 11, 7, 8, 10, 16, 10, 5, 4, 16, 2, 13, 17, 7, 5, 14, 8, 4, 7, 14, 14
6 12 25 0 21, 1 14 10 1 9, 3 15 43 1 39, 5 13 30 0 26, 7 11 39 1 31, 2 11 24 0 21, 4 12 43 0 28, 8 8 47 1 35
8 10 41 1 40, 6 5 38 0 31, 2 8 6 0 5, 4 9 10 1 8, 12 4 25 0 22, 3 4 40 1 28, 13 7 39 1 28, 1 5 10 1 7, 7 11 33 0 31, 5 1 33 0 27, 14 12 40 0 29
1 2 18 1 13, 2 12 30 1 29, 9 3 5 1 4, 16 7 23 1 16, 7 10 20 0 14, 3 9 20 0 19, 8 6 45 1 43, 13 2 22 0 21, 10 9 33 0 22, 15 12 24 0 15, 4 5 8 1 6, 11 7 36 0 29, 12 15 29 1 18
17 3 21 1 19, 17 3 21 1 19, 15 5 24 1 15, 14 2 14 1 10, 1 5 36 0 26, 16 13 14 0 12, 18 7 34 0 26
8 5 9 0 8, 7 3 22 0 19, 20 6 18 0 13, 9 6 24 1 14, 19 2 31 0 23, 21 10 28 1 17, 10 13 11 0 6, 12 8 30 1 24, 1 7 12 0 9, 13 9 18 1 16, 11 2 47 0 29, 18 4 29 0 22
1 4 50 1 49, 14 14 31 1 30, 18 5 18 0 16, 20 3 45 1 32, 12 10 49 0 48, 13 10 44 0 40, 17 10 34 1 29, 15 10 36 0 26, 16 14 28 0 24
3 1 22 0 13, 9 6 21 0 12, 8 12 44 0 28, 7 12 32 0 31, 10 12 45 0 35, 2 15 20 0 12, 1 4 33 1 21, 11 14 17 0 12
9 13 36 0 33, 8 11 11 0 10, 6 10 27 0 17, 4 6 23 1 22, 2 5 39 0 28, 7 1 40 1 27, 3 13 8 1 6, 1 1 38 0 36, 5 4 31 0 20
1 11 41 1 31, 18 2 44 0 31, 17 8 15 0 13, 13 10 16 1 14, 15 4 4 1 3, 14 6 13 1 10, 12 6 38 1 26, 16 14 13 0 11
10 15 25 0 18, 2 1 10 0 9, 7 5 30 0 29, 5 4 9 1 7, 3 4 8 0 5, 12 14 29 1 24, 1 3 46 1 39, 11 4 42 0 41, 9 15 19 1 18, 8 3 8 1 6, 13 10 7 0 4
20 8 20 0 18, 2 7 32 0 26, 3 13 35 1 24, 21 2 27 0 26, 4 4 40 0 35, 18 11 18 0 17, 1 11 41 0 26, 5 1 25 1 17
13 6 33 1 26, 19 1 6 1 4, 1 11 44 0 29, 2 5 16 1 13, 14 3 12 0 9, 22 11 17 1 12, 17 2 42 1 26, 6 13 46 0 35, 20 9 5 0 4, 7 11 19 0 12, 18 2 15 0 9, 12 8 17 1 12
