4, 17, 9, 4, 4, 18, 14, 8, 18, 17, 17, 16, 4, 9, 8, 13, 9, 7, 9, 18, 9, 13, 18, 16, 4, 18, 18, 13, 18, 7, 9, 16, 4, 7, 13, 14, 7, 9, 8, 13, 9, 7, 4, 7, 17, 14, 18, 8, 4, 14, 16, 4, 17, 9, 7, 7, 4, 17, 13, 8, 14, 17, 9, 18, 17, 16, 17, 16, 7, 8, 9, 14, 17, 9, 16, 18, 13, 14, 9, 13, 4, 14, 8, 7, 8, 18, 17, 4, 14, 4, 17, 18, 7, 16, 14, 9, 13, 14, 8, 7
1 2 18 1 13, 2 12 30 1 29, 13 1 28 0 16, 16 7 23 1 16, 15 12 24 0 15, 3 9 20 0 19, 4 5 8 1 6, 7 1 23 0 14, 8 6 45 1 43, 9 12 9 0 7, 10 9 33 0 22, 11 7 36 0 29, 12 14 31 0 23
7 3 22 0 19, 19 2 31 0 23, 9 1 27 0 20, 10 12 5 0 4, 8 5 9 0 8, 20 6 18 0 13, 21 7 33 0 30, 12 1 27 0 18, 1 7 12 0 9, 11 2 47 0 29, 13 13 19 0 13, 18 13 26 1 19
17 10 34 1 29, 15 10 36 0 26, 13 10 44 0 40, 16 14 28 0 24, 1 4 50 1 49, 14 14 31 1 30, 18 7 15 1 14, 12 3 43 0 38, 20 12 48 0 32
2 7 21 1 16, 16 4 42 0 26, 14 5 43 0 35, 15 5 14 0 13, 13 2 44 1 38, 1 5 31 0 18, 3 13 20 0 15, 17 15 20 0 15, 11 15 20 1 15, 6 6 29 1 27, 20 4 18 0 13, 10 14 10 0 7, 7 10 8 1 6, 12 4 45 0 32
17 11 19 0 17, 1 13 50 1 48, 6 9 4 1 3, 2 12 11 0 7, 5 10 28 0 22, 8 2 40 0 39, 18 2 44 0 31, 7 2 27 0 21, 11 12 50 0 33
9 12 10 0 9, 1 9 43 0 33, 8 3 8 1 6, 10 9 28 0 19, 12 14 29 1 24, 2 7 11 0 7, 5 4 9 1 7, 3 4 8 0 5, 11 4 42 0 41, 7 9 29 1 24, 13 6 9 0 7
4 9 44 0 43, 2 7 32 0 26, 20 14 15 0 14, 5 1 25 1 17, 3 3 33 0 28, 1 11 41 0 26, 18 11 18 0 17, 21 14 14 0 10
13 6 33 1 26, 15 5 8 1 6, 22 11 17 1 12, 18 2 15 0 9, 1 11 44 0 29, 21 3 15 1 13, 16 1 5 1 4, 7 11 19 0 12, 2 10 13 0 12, 6 13 46 0 35, 12 8 17 1 12, 17 2 42 1 26
7 3 44 0 36, 4 1 13 1 8, 12 15 36 0 21, 13 6 28 0 27, 16 4 18 1 16, 1 8 13 1 9, 10 11 27 0 23, 5 9 17 1 14, 6 5 46 0 28, 11 10 48 1 31, 8 5 17 1 11, 17 3 36 0 32
