4, 18, 14, 6, 9, 11, 8, 6, 15, 12, 17, 7, 14, 13, 4, 12, 9, 17, 9, 9, 9, 17, 15, 4, 11, 6, 4, 6, 15, 8, 12, 6, 9, 1, 7, 18, 12, 11, 12, 7, 14, 8, 14, 13, 18, 11, 4, 12, 7, 9, 18, 18, 16, 1, 18, 6, 6, 18, 16, 7, 6, 7, 14, 12, 17, 6, 9, 16, 11, 15, 9, 12, 5, 1, 17, 12, 12, 7, 18, 15, 4, 4, 8, 1, 16, 12, 7, 15, 12, 5, 5, 4, 13, 8, 11, 4, 15, 14, 18, 4, 14, 6, 5, 17, 7, 12, 9, 9, 15, 7, 14, 1, 8, 18, 17, 8, 18, 17, 1, 13, 14, 6, 5, 8, 11, 15, 9, 4, 16, 13, 17, 4, 5, 6, 6, 1, 9, 6, 11, 16, 17, 7, 16, 17, 15, 6, 13, 11, 13, 1, 9, 17, 8, 14, 13, 18, 9, 7, 16, 12, 5, 12, 6, 4, 12, 14
3 15 43 1 39, 2 15 18 0 12, 6 12 25 0 21, 4 12 43 0 28, 7 1 40 1 29, 1 14 10 1 9, 5 13 30 0 26, 8 8 47 1 35
15 12 24 0 15, 2 12 30 1 29, 16 7 23 1 16, 3 9 20 0 19, 13 6 21 0 12, 7 1 23 0 14, 9 3 5 1 4, 1 2 18 1 13, 8 6 45 1 43, 4 5 8 1 6, 10 9 33 0 22, 11 7 36 0 29, 12 15 29 1 18
17 14 29 0 20, 15 3 27 0 21, 14 8 11 0 7, 1 5 36 0 26, 16 13 14 0 12, 17 3 21 1 19, 18 7 34 0 26
2 6 19 1 17, 4 5 17 0 14, 3 5 14 1 10, 16 8 34 0 28, 7 9 17 0 15, 18 13 29 1 23, 15 13 16 1 10, 5 6 33 0 32, 19 12 15 1 9, 6 2 24 0 16, 17 1 47 1 35, 10 8 14 0 12, 1 4 33 0 22, 20 9 24 0 18, 9 11 15 0 13, 14 10 14 0 13
10 12 5 0 4, 19 1 35 0 24, 1 7 12 0 9, 12 1 27 0 18, 7 3 22 0 19, 20 6 18 0 13, 21 7 33 0 30, 13 9 18 1 16, 11 2 47 0 29, 8 5 9 0 8, 9 2 28 0 18, 18 4 29 0 22
1 4 50 1 49, 17 10 34 1 29, 18 7 15 1 14, 13 10 44 0 40, 20 3 45 1 32, 14 14 31 1 30, 15 10 36 0 26, 12 3 43 0 38, 16 14 28 0 24
7 15 6 1 5, 19 13 10 1 6, 13 2 44 1 38, 1 12 21 0 14, 10 14 10 0 7, 16 4 42 0 26, 6 5 39 1 27, 2 7 21 1 16, 14 15 42 0 38, 11 15 20 1 15, 3 13 20 0 15, 15 5 14 0 13, 12 4 45 0 32, 18 9 17 0 13, 20 4 18 0 13
1 6 30 0 27, 6 2 28 0 19, 3 13 8 1 6, 4 5 21 0 16, 9 13 36 0 33, 8 2 6 1 3, 2 8 40 1 37, 7 1 40 1 27, 5 6 29 0 18
1 11 29 1 23, 11 7 39 1 29, 2 8 46 0 29, 8 3 18 1 16, 9 6 5 1 4, 3 5 5 0 3, 5 15 24 0 17, 14 1 5 0 3, 15 9 39 1 31, 12 6 13 1 7, 18 13 19 0 11, 10 4 18 0 12, 6 2 42 1 32, 4 12 41 0 37, 13 3 22 0 19, 7 11 15 0 11
17 8 15 0 13, 1 11 41 1 31, 14 6 13 1 10, 15 4 4 1 3, 12 6 38 1 26, 18 2 44 0 31, 13 10 16 1 14, 16 14 13 0 11
12 14 29 1 24, 2 1 10 0 9, 13 10 7 0 4, 5 4 9 1 7, 1 9 43 0 33, 10 15 25 0 18, 11 4 42 0 41, 9 12 10 0 9, 3 4 8 0 5, 7 9 29 1 24, 8 3 8 1 6
7 9 47 0 28, 14 9 21 0 14, 2 12 41 0 27, 1 11 18 1 14, 10 14 50 0 39, 13 1 9 1 8, 12 5 48 0 35, 11 13 7 1 4, 15 12 47 1 34, 6 5 43 0 40
3 3 33 0 28, 1 11 41 0 26, 21 14 14 0 10, 18 11 18 0 17, 4 4 40 0 35, 20 14 15 0 14, 2 7 32 0 26, 5 1 25 1 17
13 6 33 1 26, 14 3 12 0 9, 19 1 6 1 4, 2 10 13 0 12, 17 2 42 1 26, 18 2 15 0 9, 1 11 44 0 29, 20 9 5 0 4, 7 11 19 0 12, 22 11 17 1 12, 6 13 46 0 35, 12 8 17 1 12
7 7 48 0 47, 5 9 17 1 14, 6 5 46 0 28, 13 6 28 0 27, 12 13 32 0 25, 10 11 27 0 23, 1 8 13 1 9, 16 4 18 1 16, 9 15 13 0 12, 11 10 48 1 31, 4 10 18 1 16, 17 10 32 1 21
