8, 16, 7, 8, 14, 4, 4, 4, 5, 7, 16, 4, 16, 8, 1, 14, 10, 4, 13, 1, 7, 1, 16, 4, 13, 1, 4, 7, 4, 10, 4, 7, 13, 16, 7, 7, 1, 7, 5, 16, 13, 8, 5, 13, 14, 16, 13, 4, 13, 1, 10, 5, 8, 10, 7, 8, 16, 13, 14, 4, 5, 8, 5, 16, 7, 10, 7, 4, 16, 1, 14, 14, 1, 13, 10, 5, 8, 10, 7, 5, 4, 14, 10, 16, 14, 14, 14, 14, 7, 8, 16, 16
1 14 10 1 9, 5 13 30 0 26, 3 15 43 1 39, 4 12 43 0 28, 2 11 24 0 21, 6 4 32 1 28, 7 11 39 1 31, 8 8 47 1 35
4 5 8 1 6, 2 12 30 1 29, 3 9 20 0 19, 7 10 20 0 14, 13 6 21 0 12, 14 10 18 0 15, 10 9 33 0 22, 11 7 36 0 29, 16 7 23 1 16, 1 2 18 1 13, 9 3 5 1 4, 8 6 45 1 43, 12 15 29 1 18
17 7 30 0 21, 17 4 28 0 24, 15 5 24 1 15, 14 2 14 1 10, 17 7 30 0 21, 16 13 14 0 12, 1 3 35 1 34, 18 7 34 0 26
7 3 22 0 19, 1 8 17 1 10, 8 5 9 0 8, 9 6 24 1 14, 21 10 28 1 17, 19 1 35 0 24, 20 6 18 0 13, 10 6 8 1 7, 16 14 10 1 9, 14 7 22 0 20, 11 2 47 0 29, 17 7 20 0 18, 18 4 29 0 22
17 10 34 1 29, 1 4 50 1 49, 18 5 18 0 16, 20 12 48 0 32, 12 3 43 0 38, 13 10 44 0 40, 15 10 36 0 26, 14 13 32 1 27, 16 14 28 0 24
1 4 33 1 21, 7 12 32 0 31, 2 15 20 0 12, 3 1 22 0 13, 8 12 44 0 28, 9 9 19 0 16, 10 12 45 0 35, 11 14 17 0 12
17 8 15 0 13, 18 2 44 0 31, 1 11 41 1 31, 2 7 5 1 4, 5 8 24 0 16, 6 1 5 0 4, 7 2 27 0 21, 8 2 40 0 39, 11 10 47 0 44
9 12 10 0 9, 10 9 28 0 19, 1 9 43 0 33, 12 14 29 1 24, 11 15 47 0 37, 13 10 7 0 4, 2 1 10 0 9, 3 8 10 0 7, 5 4 9 1 7, 7 9 29 1 24, 8 3 8 1 6
18 11 18 0 17, 6 6 5 0 4, 20 14 15 0 14, 21 14 14 0 10, 7 3 7 0 4, 1 1 43 1 30, 8 9 18 0 17, 9 10 9 0 8, 10 13 20 0 18, 11 4 31 1 22, 15 4 6 1 3, 16 12 6 1 4, 17 1 21 0 15
