3, 3, 4, 3, 6, 12, 12, 2, 3, 12, 10, 1, 6, 4, 13, 15, 15, 1, 6, 2, 11, 4, 12, 13, 4, 1, 12, 14, 2, 3, 3, 15, 3, 14, 12, 4, 6, 6, 2, 5, 6, 5, 3, 4, 2, 11, 14, 6, 15, 10, 4, 3, 11, 12, 12, 12, 3, 2, 3, 1, 4, 15, 11, 3, 13, 11, 1, 14, 5, 12, 3, 10, 15, 1, 15, 11, 15, 5, 2, 6, 2, 6, 5, 10, 6, 6, 4, 14, 14, 4, 13, 14, 11, 1, 2, 3, 6, 11, 12, 10, 3, 10, 14, 4, 11, 15, 3, 12, 4, 4, 12, 14, 10, 6, 15, 6, 6, 13, 12, 12, 5, 15, 2, 10, 2, 13, 3, 15, 1, 3, 5, 13, 14, 13, 10, 6, 12, 3
3 15 43 0 35, 1 9 13 0 9, 5 13 30 0 23, 4 12 43 0 27, 6 12 25 0 19, 2 11 24 0 18, 7 5 49 0 29, 8 8 47 1 44
7 15 30 0 29, 4 9 10 0 9, 8 10 41 0 33, 2 8 6 0 5, 14 12 40 0 35, 12 8 26 0 19, 13 7 39 0 38, 3 4 40 1 39, 5 1 33 1 30, 1 8 16 0 14, 6 1 42 1 33
19 3 20 1 12, 7 5 39 0 24, 9 5 30 0 22, 1 4 29 1 26, 14 4 12 0 10, 10 7 41 0 39, 2 11 27 0 26, 13 15 35 0 27, 8 12 9 1 5, 15 12 20 0 19, 17 10 20 0 13, 18 10 39 0 38, 16 10 49 0 34, 3 7 8 1 7, 5 2 19 0 12, 11 4 36 0 35, 6 13 5 1 4, 12 9 17 0 16, 4 7 13 1 8
1 2 18 1 16, 14 14 28 1 17, 16 7 23 0 18, 9 3 5 0 4, 8 6 45 0 43, 4 5 8 1 5, 7 10 20 0 17, 2 8 38 0 28, 10 9 33 0 26, 11 7 36 0 26, 13 6 21 0 20, 3 9 20 0 16, 12 15 29 0 27
1 4 29 1 19, 15 5 24 0 22, 14 8 11 0 10, 17 2 27 1 26, 16 8 19 0 14, 17 3 21 1 19, 18 14 35 0 32
1 4 33 0 27, 17 1 47 0 30, 5 3 36 0 33, 10 10 19 0 13, 16 5 31 0 22, 2 6 19 1 18, 19 12 15 1 13, 3 5 14 0 13, 15 14 13 0 10, 4 5 17 1 10, 18 10 26 0 17, 6 10 18 0 16, 7 9 17 0 13, 9 11 15 0 12, 20 11 25 0 15, 14 10 14 0 11
3 1 22 1 18, 1 2 39 0 25, 4 13 20 0 13, 2 6 27 0 26, 5 7 35 0 26, 6 5 10 1 6, 9 9 19 0 15, 10 12 45 0 37, 11 14 17 1 13
4 13 27 0 23, 8 2 6 0 5, 2 14 36 0 26, 9 13 36 0 33, 1 6 30 1 25, 6 2 28 1 20, 5 3 33 1 22, 3 13 8 0 6, 7 1 40 0 35
1 11 29 0 19, 14 8 8 0 5, 9 6 5 1 4, 6 2 42 0 36, 15 9 39 0 29, 7 11 15 0 10, 3 5 5 0 4, 2 15 44 0 27, 5 15 24 0 23, 4 12 41 1 32, 8 12 20 0 15, 18 5 21 0 19, 10 4 18 0 13, 11 7 39 0 31, 13 3 22 0 16, 12 10 7 0 4
17 11 19 0 18, 1 11 41 1 35, 18 15 50 0 46, 12 13 41 1 37, 13 10 16 1 11, 14 6 13 0 9, 15 3 6 1 4, 16 14 13 0 10
9 12 10 0 7, 10 15 25 0 24, 1 9 43 1 41, 12 14 29 0 20, 4 3 18 0 16, 13 10 7 0 4, 11 15 47 0 37, 5 4 9 1 7, 6 4 27 0 25, 8 3 8 1 7
7 9 47 0 32, 4 7 8 0 5, 12 7 45 0 31, 13 1 9 0 6, 15 1 42 0 39, 1 11 18 1 13, 5 2 12 1 10, 10 14 50 0 43, 14 6 24 1 23, 3 6 17 0 15, 11 8 6 0 4, 6 4 48 0 47
