2, 1, 8, 11, 17, 14, 10, 17, 4, 17, 2, 13, 11, 7, 2, 11, 13, 5, 7, 16, 2, 7, 17, 4, 10, 2, 14, 1, 17, 2, 11, 2, 5, 1, 8, 14, 4, 4, 10, 14, 7, 17, 4, 11, 7, 17, 16, 13, 5, 4, 14, 11, 17, 2, 5, 8, 2, 14, 8, 8, 17, 1, 7, 4, 10, 7, 4, 1, 16, 17, 11, 13, 4, 14, 8, 16, 14, 7, 17, 5, 2, 2, 10, 4, 1, 16, 17, 14, 4, 7, 16, 5, 5, 7, 1, 8, 7, 10, 13, 13, 10, 17, 11, 7, 14, 7, 1, 16, 8, 4, 14, 13, 11, 13, 5, 4, 10, 17, 16, 8
3 15 43 0 35, 7 11 39 0 29, 5 13 30 0 23, 1 9 13 0 9, 4 12 43 0 27, 2 15 18 0 17, 6 12 25 0 19, 8 8 47 1 44
7 15 30 0 29, 13 7 39 0 38, 2 8 6 0 5, 3 4 40 1 39, 5 11 43 0 26, 1 5 10 1 7, 8 15 44 0 39, 4 9 10 0 9, 6 5 38 1 30, 12 4 25 1 18, 14 10 37 0 32
1 2 18 1 16, 14 10 18 0 13, 2 12 30 0 28, 13 6 21 0 20, 16 7 23 0 18, 3 9 20 0 16, 4 5 8 1 5, 7 10 20 0 17, 8 6 45 0 43, 9 12 9 1 8, 10 9 33 0 26, 11 7 36 0 26, 12 15 29 0 27
14 10 17 0 12, 15 5 24 0 22, 17 3 21 1 19, 1 11 31 0 21, 17 3 21 1 19, 16 13 14 0 11, 17 4 28 0 27, 18 7 34 0 33
7 3 22 1 16, 21 1 32 0 31, 1 7 12 0 11, 11 9 48 0 39, 20 6 18 1 12, 14 11 20 0 17, 8 5 9 1 6, 16 14 10 1 7, 17 7 20 0 16, 19 1 35 0 23, 9 6 24 1 21, 10 13 11 0 7, 18 13 26 1 24
1 4 50 1 40, 17 10 34 0 25, 14 14 31 0 26, 20 12 48 0 41, 12 3 43 0 32, 15 13 38 0 28, 13 10 44 0 30, 19 11 16 0 11, 16 14 28 0 27
8 12 44 0 32, 10 12 45 0 37, 1 1 34 0 32, 2 15 20 1 16, 3 1 22 1 18, 7 8 39 0 31, 9 2 23 0 21, 11 14 17 1 13
9 13 36 0 33, 7 1 40 0 35, 2 14 36 0 26, 3 13 8 0 6, 6 10 27 0 19, 8 2 6 0 5, 1 1 38 0 30, 4 5 21 1 16, 5 6 29 0 17
13 10 16 1 11, 17 8 15 1 10, 14 1 15 0 11, 1 13 50 0 45, 15 4 4 0 2, 12 6 38 0 29, 16 14 13 0 10, 18 2 44 1 43
13 6 9 0 7, 1 9 43 1 41, 9 12 10 0 7, 10 15 25 0 24, 3 4 8 0 6, 2 7 11 0 9, 12 14 29 0 20, 11 4 42 0 36, 5 4 9 1 7, 7 9 29 0 21, 8 3 8 1 7
1 11 41 0 39, 20 14 15 1 12, 21 14 14 0 12, 4 4 40 0 35, 18 11 18 0 14, 2 7 32 0 22, 3 3 33 0 28, 5 1 25 0 21
8 1 20 0 19, 19 6 7 1 5, 13 6 33 1 22, 10 15 13 0 9, 20 9 5 1 4, 16 8 8 0 6, 22 11 17 0 12, 15 5 8 0 5, 18 2 15 0 14, 17 2 42 0 35, 9 2 29 0 24, 1 10 46 0 32, 11 1 24 1 17, 12 4 21 0 20
