6, 18, 9, 7, 13, 6, 14, 16, 15, 8, 18, 8, 4, 14, 6, 9, 7, 4, 9, 7, 6, 8, 15, 15, 13, 9, 17, 7, 15, 7, 17, 9, 14, 4, 14, 17, 7, 6, 15, 18, 16, 6, 8, 9, 17, 18, 17, 8, 4, 18, 5, 7, 9, 4, 13, 13, 8, 7, 6, 16, 5, 18, 17, 9, 18, 7, 5, 17, 5, 9, 6, 14, 18, 17, 15, 7, 8, 9, 16, 15, 6, 14, 6, 7, 6, 8, 9, 14, 16, 4, 6, 18, 15, 4, 17, 13, 4, 18, 16, 14, 4, 13, 8, 9, 18, 9, 15, 17, 15, 17, 6, 6, 8, 15, 5, 6, 8, 4, 14, 13, 14, 8, 4, 4, 18, 5, 16, 13, 14, 9, 15, 16, 18, 6, 5, 4, 17, 7
15 12 24 1 17, 13 2 22 0 13, 1 2 18 1 16, 2 12 30 0 28, 4 5 8 1 5, 7 10 20 0 17, 3 9 20 0 16, 9 3 5 0 4, 8 6 45 0 43, 16 9 25 0 21, 10 9 33 0 26, 11 7 36 0 26, 12 15 29 0 27
15 5 24 0 22, 16 13 14 0 11, 17 7 30 0 22, 17 3 21 1 19, 1 4 29 1 19, 14 8 11 0 10, 18 7 34 0 33
5 6 33 0 24, 4 8 20 0 14, 17 12 44 1 32, 15 14 13 0 10, 1 4 33 0 27, 8 8 38 0 35, 18 10 26 0 17, 14 7 10 0 7, 6 10 18 0 16, 2 3 21 0 19, 3 5 14 0 13, 9 11 15 0 12, 16 8 34 0 27, 19 1 18 0 13, 7 3 21 0 19, 20 9 24 0 18
21 10 28 0 17, 7 3 22 1 16, 20 6 18 1 12, 1 7 12 0 11, 10 12 5 1 3, 8 5 9 1 6, 9 6 24 1 21, 19 2 31 0 19, 11 2 47 0 39, 12 1 27 0 23, 13 13 19 1 12, 18 13 26 1 24
1 4 50 1 40, 17 10 34 0 25, 19 11 16 0 11, 20 12 48 0 41, 2 15 21 0 18, 3 12 35 0 24, 4 4 11 1 8, 5 2 18 0 14, 7 1 38 0 31, 8 6 16 1 10, 10 5 23 0 17, 11 5 16 1 11
13 2 44 1 38, 14 15 42 0 34, 15 5 14 1 13, 16 4 42 0 28, 17 15 20 0 15, 6 6 29 0 27, 3 7 21 1 20, 11 15 20 0 16, 20 4 18 1 16, 1 12 21 0 16, 7 15 6 0 5, 10 14 10 0 6, 2 7 21 0 15, 12 6 41 1 39
17 8 15 1 10, 12 6 38 0 29, 18 15 50 0 46, 1 13 50 0 45, 13 12 18 0 17, 14 6 13 0 9, 15 13 9 0 7, 16 11 18 0 15
1 9 43 1 41, 11 4 42 0 36, 2 1 10 0 8, 9 12 10 0 7, 12 10 31 0 25, 3 4 8 0 6, 13 10 7 0 4, 10 15 25 0 24, 5 4 9 1 7, 7 9 29 0 21, 8 3 8 1 7
10 14 50 0 43, 11 8 6 0 4, 12 7 45 0 31, 7 9 47 0 32, 14 9 21 1 16, 13 1 9 0 6, 1 11 18 1 13, 15 1 42 0 39, 4 7 8 0 5, 3 6 17 0 15, 5 2 12 1 10, 6 5 43 0 38
1 11 41 0 39, 20 14 15 1 12, 4 4 40 0 35, 2 7 32 0 22, 21 14 14 0 12, 3 3 33 0 28, 18 11 18 0 14, 5 1 25 0 21
1 10 46 0 32, 13 6 33 1 22, 22 11 17 0 12, 15 8 7 0 6, 16 8 8 0 6, 12 8 17 0 13, 21 3 15 1 9, 6 13 46 0 28, 7 2 23 1 20, 2 10 13 0 7, 18 2 15 0 14, 17 2 42 0 35
7 3 44 0 30, 5 9 17 0 11, 9 15 13 0 8, 11 10 48 0 33, 4 1 13 0 9, 12 5 31 0 18, 6 5 46 1 28, 16 4 18 0 15, 1 8 13 1 8, 14 2 11 1 8, 15 14 18 1 13, 10 11 27 0 20, 17 10 32 0 31
