3, 18, 17, 6, 3, 18, 12, 2, 12, 3, 3, 12, 18, 9, 12, 12, 17, 17, 18, 9, 11, 15, 3, 6, 3, 3, 11, 9, 2, 2, 18, 3, 9, 12, 15, 2, 3, 6, 15, 15, 3, 9, 12, 18, 9, 15, 6, 3, 6, 11, 9, 15, 12, 17, 2, 17, 11, 11, 2, 6, 17, 3, 6, 9, 15, 2, 18, 3, 2, 6, 6, 12, 3, 9, 9, 12, 15, 11, 17, 9, 12, 2, 12, 17, 18, 17, 15, 6, 18, 9, 6, 9, 12, 6, 2, 6, 11, 12, 15, 12, 6, 3, 18, 3, 15, 17, 18, 11, 17, 6, 3, 18, 2, 12, 9, 17, 3, 15, 3, 11, 6, 17
13 7 39 0 38, 8 10 41 0 33, 1 5 10 1 7, 4 12 13 1 8, 7 6 25 0 23, 12 4 25 1 18, 2 8 6 0 5, 3 4 40 1 39, 5 7 40 0 30, 14 12 40 0 35, 6 5 38 1 30
16 10 49 0 34, 2 11 27 0 26, 1 7 36 0 23, 8 1 6 1 3, 15 12 20 0 19, 9 14 33 0 28, 17 13 39 0 33, 7 5 39 0 24, 10 13 40 0 29, 13 15 35 0 27, 3 6 9 0 6, 18 10 39 0 38, 19 3 20 1 12, 6 13 5 1 4, 5 2 19 0 12, 11 9 33 0 32, 14 2 11 1 10, 4 7 13 1 8, 12 12 16 0 15
17 12 44 1 32, 3 5 14 0 13, 5 6 33 0 24, 16 5 31 0 22, 19 5 19 0 13, 6 3 20 0 16, 7 9 17 0 13, 20 9 24 0 18, 18 10 26 0 17, 4 8 20 0 14, 2 3 21 0 19, 10 15 17 0 11, 15 14 13 0 10, 1 3 38 0 23, 9 11 15 0 12, 14 7 10 0 7
16 4 42 0 28, 11 15 20 0 16, 10 14 10 0 6, 13 2 44 1 38, 17 15 20 0 15, 1 12 21 0 16, 2 7 21 0 15, 14 5 43 0 30, 3 9 22 0 15, 6 6 29 0 27, 7 10 8 1 6, 20 4 18 1 16, 12 6 41 1 39, 15 5 14 1 13
4 5 21 1 16, 8 2 6 0 5, 2 14 36 0 26, 6 10 27 0 19, 9 13 36 0 33, 1 1 38 0 30, 7 1 40 0 35, 3 13 8 0 6, 5 3 33 1 22
7 8 19 1 14, 9 6 5 1 4, 13 3 22 0 16, 10 4 18 0 13, 11 7 39 0 31, 8 12 20 0 15, 5 15 24 0 23, 3 5 5 0 4, 12 10 7 0 4, 2 15 44 0 27, 6 13 45 0 36, 14 13 9 1 5, 15 9 39 0 29, 1 11 29 0 19, 4 12 41 1 32, 18 13 19 0 15
1 11 18 1 13, 13 6 11 1 8, 3 6 17 0 15, 14 9 21 1 16, 4 7 8 0 5, 7 9 47 0 32, 12 7 45 0 31, 15 1 42 0 39, 10 14 50 0 43, 11 8 6 0 4, 5 15 15 0 9, 6 4 48 0 47
18 2 15 0 14, 2 10 13 0 7, 19 1 6 0 5, 13 6 33 1 22, 15 5 8 0 5, 7 11 19 0 17, 12 8 17 0 13, 16 8 8 0 6, 17 2 42 0 35, 6 13 46 0 28, 20 9 5 1 4, 1 11 44 0 29, 22 11 17 0 12
12 15 36 0 25, 5 9 17 0 11, 7 3 44 0 30, 10 3 28 0 18, 1 3 8 0 5, 4 1 13 0 9, 17 10 32 0 31, 8 5 17 0 11, 6 8 47 0 35, 13 9 26 0 20, 16 4 18 0 15, 11 13 50 0 39
