15, 4, 1, 17, 12, 8, 18, 12, 7, 17, 2, 8, 7, 4, 12, 15, 12, 4, 18, 8, 2, 8, 4, 18, 17, 12, 12, 2, 18, 7, 15, 17, 15, 7, 4, 1, 12, 4, 15, 7, 8, 4, 15, 4, 7, 15, 1, 18, 2, 2, 17, 7, 12, 17, 18, 2, 18, 15, 7, 12, 17, 4, 12, 1, 8, 18, 4, 7, 15, 17, 7, 18, 12, 2, 2, 7, 12, 15, 18, 1, 2, 18, 4, 1, 12, 17, 7, 4, 12, 8, 8, 2, 12, 17, 1, 18, 8, 15, 1, 12, 17, 4, 15, 17, 17, 2, 7
4 12 43 0 27, 5 13 30 0 23, 3 15 43 0 35, 7 1 40 0 24, 1 14 10 0 8, 6 12 25 0 19, 2 15 18 0 17, 8 8 47 1 44
3 4 40 1 39, 2 8 6 0 5, 4 9 10 0 9, 6 5 38 1 30, 8 10 41 0 33, 5 7 40 0 30, 13 7 39 0 38, 1 14 13 1 8, 12 4 25 1 18, 7 15 30 0 29, 14 12 40 0 35
1 2 18 1 16, 4 11 9 0 5, 2 12 30 0 28, 13 1 28 0 27, 14 10 18 0 13, 9 3 5 0 4, 7 10 20 0 17, 16 7 23 0 18, 3 9 20 0 16, 8 6 45 0 43, 10 9 33 0 26, 11 7 36 0 26, 12 15 29 0 27
1 7 12 0 11, 21 10 28 0 17, 8 10 10 0 6, 19 2 31 0 19, 10 12 5 1 3, 20 6 18 1 12, 9 1 27 0 24, 7 3 22 1 16, 11 2 47 0 39, 14 11 20 0 17, 16 14 10 1 7, 17 7 20 0 16, 18 13 26 1 24
13 10 44 0 30, 19 11 16 0 11, 17 10 34 0 25, 1 4 50 1 40, 14 14 31 0 26, 15 13 38 0 28, 12 3 43 0 32, 20 3 45 1 42, 16 14 28 0 27
1 11 29 0 19, 13 2 26 0 20, 12 6 13 0 8, 14 1 5 0 3, 8 3 18 0 14, 5 15 24 0 23, 9 6 5 1 4, 15 9 39 0 29, 2 15 44 0 27, 4 12 41 1 32, 10 4 18 0 13, 18 13 19 0 15, 3 5 5 0 4, 6 2 42 0 36, 11 7 39 0 31, 7 11 15 0 10
7 9 47 0 32, 10 14 50 0 43, 11 13 7 1 5, 12 7 45 0 31, 14 3 22 0 14, 5 2 12 1 10, 1 1 20 0 14, 4 7 8 0 5, 13 1 9 0 6, 15 1 42 0 39, 3 6 17 0 15, 6 5 43 0 38
13 6 33 1 22, 15 8 7 0 6, 1 11 44 0 29, 6 13 46 0 28, 17 2 42 0 35, 2 10 13 0 7, 12 8 17 0 13, 18 10 18 0 15, 16 8 8 0 6, 20 11 9 0 7, 7 11 19 0 17, 19 6 7 1 5, 22 11 17 0 12
12 15 36 0 25, 13 9 26 0 20, 8 13 10 0 7, 7 7 48 0 42, 1 3 8 0 5, 10 11 27 0 20, 6 5 46 1 28, 5 9 17 0 11, 16 4 18 0 15, 17 10 32 0 31, 4 1 13 0 9, 11 10 48 0 33
