9, 16, 9, 6, 13, 3, 11, 3, 3, 6, 3, 9, 3, 11, 9, 11, 6, 16, 16, 9, 16, 6, 3, 11, 11, 3, 3, 6, 3, 13, 3, 11, 14, 6, 13, 16, 10, 10, 6, 9, 9, 3, 14, 3, 11, 5, 6, 5, 5, 16, 9, 13, 10, 6, 5, 10, 9, 16, 14, 6, 16, 14, 14, 9, 9, 9, 5, 14, 16, 3, 13, 13, 3, 10, 14, 14, 6, 6, 9, 5, 6, 3, 3, 16, 14, 9, 10, 6, 11, 9, 6, 10, 6, 14, 13, 3, 11, 13, 3, 5, 5, 16, 3, 14, 10, 16, 16
16 10 49 0 34, 17 10 20 0 13, 7 5 39 0 24, 13 15 35 0 27, 9 5 30 0 22, 18 9 40 0 26, 10 13 40 0 29, 19 15 31 0 21, 8 1 6 1 3, 14 4 12 0 10, 15 8 19 0 11, 2 12 30 0 27, 11 2 29 1 19, 3 6 9 0 6, 6 13 5 1 4, 1 11 34 0 31, 5 2 19 0 12, 12 12 16 0 15, 4 7 13 1 8
15 3 27 1 21, 1 4 29 1 19, 17 3 21 1 19, 14 10 17 0 12, 17 3 21 1 19, 16 13 14 0 11, 17 3 21 1 19, 18 14 35 0 32
1 4 33 0 27, 3 5 14 0 13, 5 6 33 0 24, 6 10 18 0 16, 17 1 47 0 30, 4 5 17 1 10, 16 5 31 0 22, 19 12 15 1 13, 18 10 26 0 17, 2 6 19 1 18, 20 9 24 0 18, 7 9 17 0 13, 10 8 14 0 13, 9 11 15 0 12, 15 13 16 0 15, 14 10 14 0 11
13 2 44 1 38, 2 7 21 0 15, 16 4 42 0 28, 14 15 42 0 34, 7 13 5 0 4, 11 15 20 0 16, 12 6 41 1 39, 15 14 18 0 12, 17 1 27 0 19, 5 6 5 1 3, 10 7 15 0 11, 1 12 21 0 16, 6 6 29 0 27, 4 3 13 0 12, 20 8 21 1 14
3 1 22 1 18, 7 12 32 0 23, 1 2 39 0 25, 2 15 20 1 16, 8 12 44 0 32, 9 9 19 0 15, 10 12 45 0 37, 11 14 17 1 13
1 1 38 0 30, 8 2 6 0 5, 2 14 36 0 26, 9 9 39 0 25, 6 10 27 0 19, 3 13 8 0 6, 7 14 42 0 34, 4 5 21 1 16, 5 6 29 0 17
17 8 15 1 10, 18 2 44 1 43, 1 11 41 1 35, 12 6 38 0 29, 13 12 18 0 17, 14 6 13 0 9, 15 4 4 0 2, 16 5 15 0 11
1 9 43 1 41, 2 1 10 0 8, 9 5 18 0 15, 10 15 25 0 24, 12 14 29 0 20, 11 4 42 0 36, 3 4 8 0 6, 5 4 9 1 7, 13 10 7 0 4, 6 13 33 0 32, 8 3 8 1 7
1 1 43 0 25, 20 14 15 1 12, 18 10 24 1 22, 21 14 14 0 12, 6 6 5 1 3, 7 5 5 0 3, 8 5 16 0 10, 9 13 15 0 14, 10 11 11 0 10, 11 8 30 0 27, 15 2 7 1 5, 16 12 6 1 5, 17 13 19 0 17
