9, 14, 3, 14, 7, 16, 6, 18, 3, 3, 3, 3, 3, 3, 7, 3, 7, 2, 3, 3, 9, 18, 13, 13, 6, 3, 10, 11, 9, 16, 6, 10, 2, 9, 9, 18, 14, 9, 7, 11, 9, 16, 5, 6, 2, 3, 11, 7, 18, 6, 13, 2, 14, 7, 6, 16, 3, 18, 7, 6, 3, 16, 10, 6, 6, 18, 9, 13, 2, 9, 16, 18, 11, 7, 2, 14, 2, 10, 11, 16, 5, 7, 11, 13, 9, 5, 7, 16, 5, 16, 6, 9, 9, 3, 7, 11, 13, 2, 16, 9, 2, 16, 3, 3, 6, 10, 9, 7, 10, 6, 6, 5, 2, 18, 13, 11, 18, 14, 16, 5, 6, 13, 14, 5, 18, 9, 18, 6, 10, 2, 14, 3, 3, 14, 6, 10, 11, 14, 16, 7, 18
13 7 39 0 38, 8 10 41 0 33, 5 1 33 1 30, 7 6 25 0 23, 4 9 10 0 9, 1 5 10 1 7, 2 8 6 0 5, 3 4 40 1 39, 12 4 25 1 18, 14 12 40 0 35, 6 5 38 1 30
7 1 50 0 36, 1 11 34 0 31, 16 10 49 0 34, 15 1 10 0 8, 14 2 11 1 10, 5 2 19 0 12, 6 13 5 1 4, 4 2 18 0 12, 19 8 29 0 22, 17 10 20 0 13, 2 11 27 0 26, 18 10 39 0 38, 3 7 8 1 7, 13 9 40 0 37, 8 1 6 1 3, 9 5 30 0 22, 10 7 41 0 39, 11 2 29 1 19, 12 12 16 0 15
15 5 24 0 22, 17 7 30 0 22, 1 3 35 0 32, 14 10 17 0 12, 17 3 21 1 19, 16 13 14 0 11, 18 10 40 0 31
1 4 33 0 27, 17 1 47 0 30, 7 3 21 0 19, 18 10 26 0 17, 5 6 33 0 24, 2 2 22 0 20, 15 14 13 0 10, 6 10 18 0 16, 16 5 31 0 22, 3 5 14 0 13, 19 1 18 0 13, 9 11 15 0 12, 4 8 20 0 14, 20 9 24 0 18, 10 15 17 0 11, 14 7 10 0 7
14 11 20 0 17, 7 3 22 1 16, 8 10 10 0 6, 9 6 24 1 21, 10 12 5 1 3, 16 14 10 1 7, 11 9 48 0 39, 1 7 12 0 11, 19 1 35 0 23, 20 6 18 1 12, 17 7 20 0 16, 21 10 28 0 17, 18 13 26 1 24
13 2 44 1 38, 2 7 21 0 15, 20 4 18 1 16, 14 15 42 0 34, 16 2 45 0 31, 17 3 25 1 16, 6 6 29 0 27, 15 14 18 0 12, 11 10 27 1 23, 1 12 21 0 16, 4 15 15 0 9, 7 13 5 0 4, 5 6 5 1 3, 10 14 10 0 6, 12 6 41 1 39
1 4 33 0 31, 7 12 32 0 23, 8 12 44 0 32, 3 13 24 0 18, 9 9 19 0 15, 2 15 20 1 16, 10 12 45 0 37, 11 14 17 1 13
2 5 39 0 32, 4 14 25 1 19, 8 2 6 0 5, 9 13 36 0 33, 1 6 30 1 25, 6 10 27 0 19, 7 14 42 0 34, 3 5 13 0 8, 5 6 29 0 17
13 9 21 0 16, 17 11 19 0 18, 1 11 41 1 35, 12 4 44 0 42, 14 6 13 0 9, 18 15 50 0 46, 15 13 9 0 7, 16 14 13 0 10
1 9 43 1 41, 13 6 9 0 7, 12 14 29 0 20, 11 4 42 0 36, 7 9 29 0 21, 10 15 25 0 24, 4 3 18 0 16, 9 15 19 0 13, 5 4 9 1 7, 8 3 8 1 7
18 11 18 0 14, 10 13 20 0 12, 20 14 15 1 12, 21 14 14 0 12, 1 11 41 0 39, 7 5 5 0 3, 8 5 16 0 10, 6 6 5 1 3, 9 1 12 0 9, 11 8 30 0 27, 15 4 6 1 4, 16 9 5 0 3, 17 15 23 0 16
1 8 13 1 8, 16 4 18 0 15, 6 8 47 0 35, 4 1 13 0 9, 5 9 17 0 11, 12 5 31 0 18, 7 3 44 0 30, 10 15 30 0 29, 13 9 26 0 20, 17 3 36 0 25, 8 13 10 0 7, 11 10 48 0 33
