7, 7, 8, 1, 14, 1, 8, 8, 4, 4, 10, 4, 7, 1, 10, 7, 8, 4, 8, 7, 5, 14, 14, 4, 10, 7, 16, 16, 13, 13, 4, 7, 14, 16, 13, 5, 5, 4, 1, 7, 8, 10, 7, 10, 10, 4, 1, 14, 16, 1, 14, 10, 5, 16, 7, 8, 7, 4, 5, 10, 16, 10, 13, 16, 5, 4, 13, 4, 13, 8, 14, 1, 7, 13, 1, 16, 14, 7, 14, 4, 4, 5, 8, 14, 13
1 14 10 0 8, 3 15 43 0 35, 5 13 30 0 23, 2 15 18 0 17, 6 12 25 0 19, 4 12 43 0 27, 7 1 40 0 24, 8 8 47 1 44
2 12 30 0 28, 14 10 18 0 13, 13 2 22 0 13, 1 2 18 1 16, 16 7 23 0 18, 3 9 20 0 16, 4 11 9 0 5, 7 1 23 0 22, 8 6 45 0 43, 9 3 5 0 4, 10 9 33 0 26, 11 7 36 0 26, 12 15 29 0 27
15 5 24 0 22, 14 2 14 0 11, 17 3 21 1 19, 16 13 14 0 11, 17 3 21 1 19, 1 5 36 0 21, 18 7 34 0 33
2 5 6 1 5, 21 10 28 0 17, 19 1 35 0 23, 1 7 12 0 11, 20 11 23 0 16, 3 15 27 0 16, 6 4 46 0 34, 10 12 5 1 3, 11 2 47 0 39, 14 11 20 0 17, 15 8 11 1 8, 17 7 20 0 16, 18 4 29 0 20
1 4 50 1 40, 20 12 48 0 41, 12 3 43 0 32, 17 10 34 0 25, 14 14 31 0 26, 13 10 44 0 30, 15 13 38 0 28, 19 11 16 0 11, 16 14 28 0 27
4 13 20 0 13, 3 1 22 1 18, 11 14 17 1 13, 9 9 19 0 15, 5 7 35 0 26, 6 5 10 1 6, 1 4 33 0 31, 10 12 45 0 37, 2 6 27 0 26
1 10 44 1 29, 13 10 16 1 11, 12 6 38 0 29, 17 11 19 0 18, 14 13 14 0 10, 18 2 44 1 43, 15 13 9 0 7, 16 11 18 0 15
1 3 46 1 41, 7 9 29 0 21, 9 12 10 0 7, 12 14 29 0 20, 10 15 25 0 24, 5 4 9 1 7, 11 14 43 1 37, 4 3 18 0 16, 8 3 8 1 7, 13 10 7 0 4
21 14 14 0 12, 18 4 26 0 16, 1 11 41 0 39, 20 15 23 0 13, 2 7 32 0 22, 3 3 33 0 28, 4 4 40 0 35, 5 1 25 0 21
