17, 4, 4, 8, 18, 13, 9, 9, 7, 7, 7, 16, 7, 7, 8, 17, 4, 9, 17, 7, 4, 8, 9, 18, 9, 14, 18, 9, 18, 17, 14, 18, 17, 13, 9, 9, 16, 13, 13, 17, 16, 18, 14, 7, 9, 4, 17, 14, 4, 7, 9, 17, 8, 4, 17, 4, 4, 9, 18, 4, 17, 8, 8, 18, 8, 9, 17, 16, 14, 18, 7, 18, 16, 13, 4, 16, 14, 16, 16, 14, 7, 16, 13, 9, 17, 17, 4, 4, 16, 16, 14, 14, 18, 9, 14, 13, 7, 8, 13, 8, 16, 17, 7, 16, 18
1 2 18 1 16, 2 12 30 0 28, 14 14 28 1 17, 8 6 45 0 43, 7 10 20 0 17, 9 3 5 0 4, 13 1 28 0 27, 16 7 23 0 18, 4 11 9 0 5, 3 9 20 0 16, 10 9 33 0 26, 11 7 36 0 26, 12 15 29 0 27
2 5 6 1 5, 3 15 27 0 16, 1 7 12 0 11, 21 1 32 0 31, 20 6 18 1 12, 6 4 46 0 34, 10 6 8 1 7, 19 2 31 0 19, 11 2 47 0 39, 12 1 27 0 23, 13 14 20 0 13, 18 13 26 1 24
13 10 44 0 30, 1 4 50 1 40, 17 10 34 0 25, 14 14 31 0 26, 15 13 38 0 28, 12 10 49 0 32, 19 11 16 0 11, 20 12 48 0 41, 16 14 28 0 27
16 4 42 0 28, 13 2 44 1 38, 1 12 21 0 16, 17 15 20 0 15, 11 15 20 0 16, 2 7 21 0 15, 14 15 42 0 34, 10 14 10 0 6, 15 14 18 0 12, 7 13 5 0 4, 20 6 23 0 15, 3 13 20 0 13, 6 6 29 0 27, 12 4 45 1 39
1 11 41 1 35, 13 1 22 0 16, 17 8 15 1 10, 12 6 38 0 29, 14 6 13 0 9, 15 4 4 0 2, 18 2 44 1 43, 16 14 13 0 10
1 9 43 1 41, 8 2 9 1 6, 12 14 29 0 20, 6 4 27 0 25, 4 3 18 0 16, 5 4 9 1 7, 11 14 43 1 37, 9 15 19 0 13, 10 15 25 0 24, 13 10 7 0 4
20 14 15 1 12, 6 6 5 1 3, 18 11 18 0 14, 21 14 14 0 12, 7 5 5 0 3, 1 2 45 0 41, 8 5 16 0 10, 9 1 12 0 9, 10 11 11 0 10, 11 8 30 0 27, 15 4 6 1 4, 16 9 5 0 3, 17 13 19 0 17
13 6 33 1 22, 10 15 13 0 9, 19 1 6 0 5, 1 10 46 0 32, 11 1 24 1 17, 8 9 17 0 15, 9 2 29 0 24, 20 9 5 1 4, 15 8 7 0 6, 22 11 17 0 12, 18 10 18 0 15, 12 8 17 0 13, 16 8 8 0 6, 17 2 42 0 35
5 9 17 0 11, 12 5 31 0 18, 6 5 46 1 28, 1 3 8 0 5, 7 3 44 0 30, 10 11 27 0 20, 13 3 30 0 22, 16 4 18 0 15, 9 15 13 0 8, 4 5 16 1 12, 11 10 48 0 33, 17 3 36 0 25
