11, 8, 12, 17, 6, 4, 7, 9, 15, 14, 18, 7, 12, 14, 18, 12, 6, 15, 15, 9, 17, 7, 13, 4, 12, 9, 15, 16, 18, 6, 17, 6, 5, 18, 15, 4, 8, 4, 9, 9, 7, 14, 9, 13, 7, 9, 17, 9, 4, 11, 17, 12, 12, 18, 6, 17, 1, 1, 7, 15, 8, 11, 6, 17, 4, 4, 16, 12, 6, 16, 18, 6, 18, 14, 12, 4, 18, 12, 8, 13, 15, 11, 16, 14, 12, 16, 9, 5, 17, 6, 15, 1, 9, 8, 11, 5, 13, 12, 14, 1, 5, 9, 1, 14, 15, 1, 13, 8, 9, 6, 4, 8, 13, 11, 18, 7, 17, 7, 6, 6, 14, 9, 11, 1, 4, 12, 4, 4, 6, 15, 5, 7, 18, 5, 1, 13, 7, 12, 17, 6, 15, 5, 4, 16, 9, 18, 11, 7, 6, 12, 17, 8, 16, 7, 12, 17, 16, 18, 11, 14, 9, 15, 13, 7, 12, 17, 8, 14, 6
3 15 43 0 35, 7 11 39 0 29, 4 12 43 0 27, 1 9 13 0 9, 5 13 30 0 23, 2 15 18 0 17, 6 12 25 0 19, 8 8 47 1 44
15 12 24 1 17, 7 10 20 0 17, 11 7 36 0 26, 9 3 5 0 4, 1 2 18 1 16, 16 7 23 0 18, 3 9 20 0 16, 13 6 21 0 20, 2 12 30 0 28, 4 5 8 1 5, 8 6 45 0 43, 10 5 39 0 23, 12 15 29 0 27
17 3 21 1 19, 1 11 31 0 21, 14 8 11 0 10, 17 3 21 1 19, 15 5 24 0 22, 16 13 14 0 11, 18 7 34 0 33
1 4 33 0 27, 17 1 47 0 30, 18 10 26 0 17, 4 5 17 1 10, 19 12 15 1 13, 10 8 14 0 13, 16 5 31 0 22, 2 2 22 0 20, 6 10 18 0 16, 5 3 36 0 33, 9 4 19 0 16, 7 9 17 0 13, 15 14 13 0 10, 3 5 14 0 13, 14 7 10 0 7, 20 9 24 0 18
4 7 27 0 23, 6 4 46 0 34, 20 11 23 0 16, 10 12 5 1 3, 1 8 17 1 14, 11 2 47 0 39, 21 10 28 0 17, 12 1 27 0 23, 2 5 6 1 5, 5 2 10 0 6, 19 2 31 0 19, 13 9 18 1 17, 18 13 26 1 24
15 10 36 1 34, 14 14 31 0 26, 13 10 44 0 30, 16 14 28 0 27, 1 4 50 1 40, 12 10 49 0 32, 17 10 34 0 25, 19 11 16 0 11, 20 12 48 0 41
13 2 44 1 38, 17 15 20 0 15, 14 15 42 0 34, 7 13 5 0 4, 11 15 20 0 16, 2 7 21 0 15, 15 5 14 1 13, 1 13 28 0 21, 4 3 13 0 12, 5 6 5 1 3, 6 6 29 0 27, 20 4 18 1 16, 10 14 10 0 6, 16 2 45 0 31, 12 6 41 1 39
5 6 29 0 17, 6 10 27 0 19, 1 6 30 1 25, 2 14 36 0 26, 4 5 21 1 16, 3 13 8 0 6, 7 1 40 0 35, 8 2 6 0 5, 9 13 36 0 33
5 15 24 0 23, 14 13 9 1 5, 18 13 19 0 15, 15 9 39 0 29, 8 12 20 0 15, 10 4 18 0 13, 2 15 44 0 27, 11 7 39 0 31, 13 3 22 0 16, 6 2 42 0 36, 9 6 5 1 4, 3 11 11 1 10, 1 11 29 0 19, 4 12 41 1 32, 7 11 15 0 10, 12 10 7 0 4
1 3 46 0 32, 12 6 38 0 29, 13 10 16 1 11, 14 6 13 0 9, 15 4 4 0 2, 16 14 13 0 10, 17 8 15 1 10, 18 2 44 1 43
1 9 43 1 41, 5 4 9 1 7, 4 3 18 0 16, 9 12 10 0 7, 7 9 29 0 21, 8 3 8 1 7, 10 15 25 0 24, 11 4 42 0 36, 12 14 29 0 20, 13 6 9 0 7
1 1 20 0 14, 3 6 17 0 15, 10 14 50 0 43, 14 9 21 1 16, 13 5 10 0 9, 15 12 47 0 46, 4 7 8 0 5, 11 8 6 0 4, 7 9 47 0 32, 5 15 15 0 9, 12 7 45 0 31, 6 5 43 0 38
20 7 19 0 13, 2 7 32 0 22, 4 4 40 0 35, 21 14 14 0 12, 1 11 41 0 39, 18 11 18 0 14, 3 3 33 0 28, 5 1 25 0 21
13 6 33 1 22, 17 2 42 0 35, 18 2 15 0 14, 19 6 7 1 5, 14 3 12 0 8, 1 11 44 0 29, 9 2 29 0 24, 20 11 9 0 7, 10 13 16 0 12, 8 9 17 0 15, 22 11 17 0 12, 11 1 24 1 17, 12 4 21 0 20
6 5 46 1 28, 1 3 8 0 5, 16 4 18 0 15, 12 5 31 0 18, 7 3 44 0 30, 8 13 10 0 7, 10 11 27 0 20, 5 9 17 0 11, 4 5 16 1 12, 13 9 26 0 20, 11 13 50 0 39, 17 10 32 0 31
