6, 2, 18, 9, 3, 15, 11, 12, 6, 12, 9, 3, 15, 18, 17, 14, 3, 3, 8, 3, 15, 12, 3, 14, 18, 2, 9, 6, 3, 6, 15, 2, 18, 5, 17, 12, 9, 14, 2, 5, 17, 6, 3, 17, 9, 11, 9, 18, 9, 11, 12, 5, 15, 18, 8, 6, 5, 2, 6, 9, 3, 17, 8, 15, 18, 9, 5, 5, 5, 14, 12, 17, 11, 18, 14, 18, 11, 8, 18, 8, 9, 15, 2, 12, 12, 3, 8, 5, 6, 12, 3, 12, 9, 2, 3, 3, 18, 11, 6, 6, 9, 2, 2, 11, 2, 12, 15, 12, 15, 17, 17, 3, 18, 6, 17, 3, 9, 9, 8, 14, 17, 12, 3, 6, 5, 17, 14, 15, 6, 8, 14, 15, 6, 17, 3, 8, 9, 11, 12, 15, 12, 12, 9, 18, 5, 14, 14, 17, 6, 2, 3, 6, 14, 15, 11, 3
5 1 33 1 30, 6 5 38 1 30, 2 8 6 0 5, 1 5 10 1 7, 3 4 40 1 39, 13 7 39 0 38, 7 6 25 0 23, 4 12 13 1 8, 8 10 41 0 33, 12 4 25 1 18, 14 10 37 0 32
16 10 49 0 34, 18 13 33 1 23, 1 4 29 1 26, 5 2 19 0 12, 9 5 30 0 22, 3 6 9 0 6, 7 1 50 0 36, 19 3 20 1 12, 13 9 40 0 37, 15 14 16 1 9, 14 7 15 0 13, 10 13 40 0 29, 4 3 20 0 12, 2 8 29 0 18, 6 13 5 1 4, 11 9 33 0 32, 17 10 20 0 13, 8 1 6 1 3, 12 12 16 0 15
12 6 26 0 25, 11 14 41 0 36, 14 8 11 0 10, 13 13 25 1 19, 17 3 21 1 19, 1 5 36 0 21, 15 3 27 1 21, 10 4 29 0 18, 16 4 20 0 16, 18 3 39 0 25
15 14 13 0 10, 17 1 47 0 30, 1 11 36 0 31, 2 3 21 0 19, 5 6 33 0 24, 6 10 18 0 16, 18 10 26 0 17, 3 5 14 0 13, 4 5 17 1 10, 16 8 34 0 27, 9 11 15 0 12, 19 5 19 0 13, 20 9 24 0 18, 7 9 17 0 13, 10 8 14 0 13, 14 10 14 0 11
1 4 50 1 40, 15 10 36 1 34, 17 10 34 0 25, 13 10 44 0 30, 14 13 32 0 20, 19 11 16 0 11, 16 14 28 0 27, 12 3 43 0 32, 20 12 48 0 41
15 5 14 1 13, 13 2 44 1 38, 14 15 42 0 34, 4 15 15 0 9, 7 10 8 1 6, 2 7 21 0 15, 1 12 21 0 16, 10 14 10 0 6, 11 15 20 0 16, 5 6 5 1 3, 18 7 12 0 11, 16 4 42 0 28, 20 12 25 1 15, 19 2 9 1 6, 6 6 29 0 27, 12 6 41 1 39
3 13 8 0 6, 5 6 29 0 17, 6 10 27 0 19, 1 1 38 0 30, 4 6 23 0 20, 8 2 6 0 5, 9 13 36 0 33, 2 14 36 0 26, 7 14 42 0 34
13 2 26 0 20, 8 12 20 0 15, 15 9 39 0 29, 4 12 41 1 32, 2 15 44 0 27, 18 13 19 0 15, 1 1 31 1 27, 14 1 5 0 3, 3 5 5 0 4, 9 14 7 0 4, 5 15 24 0 23, 6 2 42 0 36, 10 4 18 0 13, 7 11 15 0 10, 11 7 39 0 31, 12 10 7 0 4
1 9 43 1 41, 10 15 25 0 24, 12 14 29 0 20, 2 1 10 0 8, 7 9 29 0 21, 11 4 42 0 36, 3 4 8 0 6, 5 4 9 1 7, 8 2 9 1 6, 9 12 10 0 7, 13 10 7 0 4
12 7 45 0 31, 1 11 18 1 13, 11 8 6 0 4, 3 6 17 0 15, 5 2 12 1 10, 7 9 47 0 32, 4 7 8 0 5, 9 8 22 0 15, 8 12 30 0 18, 14 9 21 1 16, 13 1 9 0 6, 15 1 42 0 39, 6 5 43 0 38
2 10 13 0 7, 6 13 46 0 28, 20 11 9 0 7, 18 10 18 0 15, 16 1 5 0 3, 7 2 23 1 20, 13 6 33 1 22, 19 6 7 1 5, 15 8 7 0 6, 22 11 17 0 12, 1 10 46 0 32, 12 4 21 0 20, 17 2 42 0 35
1 3 8 0 5, 17 14 35 0 31, 4 1 13 0 9, 15 1 16 0 11, 10 11 27 0 20, 7 3 44 0 30, 8 5 17 0 11, 16 15 19 1 14, 12 13 32 0 25, 5 9 17 0 11, 14 2 11 1 8, 11 10 48 0 33, 6 5 46 1 28
