3, 18, 18, 9, 6, 4, 12, 12, 12, 17, 17, 4, 3, 16, 2, 9, 9, 3, 6, 2, 3, 8, 6, 5, 11, 14, 16, 8, 3, 2, 17, 13, 11, 12, 13, 4, 2, 6, 3, 2, 12, 18, 16, 12, 3, 6, 11, 12, 10, 14, 14, 8, 11, 9, 3, 2, 9, 9, 10, 6, 11, 6, 16, 18, 12, 9, 13, 5, 8, 3, 18, 14, 12, 4, 17, 6, 10, 12, 6, 14, 9, 2, 9, 9, 9, 18, 3, 8, 2, 11, 6, 10, 11, 9, 18, 17, 4, 17, 3, 3, 16, 14, 2, 4, 18, 12, 8, 10, 14, 3, 13, 4, 6, 4, 8, 4, 8, 4, 4, 5, 18, 3, 12, 6, 17, 3, 13, 3, 10, 5, 6, 2, 3, 16, 9, 12, 11, 18, 13, 10, 14, 6, 17, 5, 17, 17, 6, 17, 9, 11, 18, 12, 2, 13, 17, 8, 18, 3, 16, 5, 12, 13, 14, 10, 14, 4, 6, 16, 5, 12, 3, 4
13 7 39 0 38, 2 8 6 0 5, 8 10 41 0 33, 1 5 10 1 7, 14 10 37 0 32, 7 6 25 0 23, 12 8 26 0 19, 3 4 40 1 39, 4 6 14 0 10, 5 7 40 0 30, 6 5 38 1 30
16 10 49 0 34, 17 12 33 0 24, 18 7 29 1 25, 8 1 6 1 3, 1 4 29 1 26, 7 6 44 0 29, 9 3 44 0 29, 19 14 34 0 25, 13 15 35 0 27, 2 11 27 0 26, 10 12 50 0 34, 5 2 19 0 12, 4 7 13 1 8, 6 7 8 0 4, 3 7 8 1 7, 11 2 29 1 19, 15 1 10 0 8, 14 2 11 1 10, 12 12 16 0 15
1 2 18 1 16, 13 6 21 0 20, 2 8 38 0 28, 3 9 20 0 16, 15 12 24 1 17, 16 7 23 0 18, 7 1 23 0 22, 4 11 9 0 5, 8 6 45 0 43, 9 12 9 1 8, 10 9 33 0 26, 11 7 36 0 26, 12 15 29 0 27
1 4 29 1 19, 17 14 29 0 19, 17 3 21 1 19, 14 8 11 0 10, 15 5 24 0 22, 16 13 14 0 11, 18 7 34 0 33
1 11 36 0 31, 15 14 13 0 10, 3 5 14 0 13, 4 5 17 1 10, 2 6 19 1 18, 16 5 31 0 22, 17 1 47 0 30, 14 7 10 0 7, 5 3 36 0 33, 10 8 14 0 13, 18 10 26 0 17, 6 10 18 0 16, 7 9 17 0 13, 9 11 15 0 12, 19 12 15 1 13, 20 9 24 0 18
12 3 43 0 32, 14 14 31 0 26, 1 4 50 1 40, 15 13 38 0 28, 17 10 34 0 25, 13 10 44 0 30, 16 14 28 0 27, 19 11 16 0 11, 20 3 45 1 42
2 7 21 0 15, 16 13 46 0 39, 13 2 44 1 38, 3 13 20 0 13, 14 5 43 0 30, 17 15 20 0 15, 10 14 10 0 6, 6 6 29 0 27, 15 14 18 0 12, 11 15 20 0 16, 20 4 18 1 16, 1 14 23 0 15, 7 13 5 0 4, 12 6 41 1 39
8 12 44 0 32, 1 4 33 0 31, 7 12 32 0 23, 3 1 22 1 18, 10 12 45 0 37, 2 6 27 0 26, 9 9 19 0 15, 11 14 17 1 13
8 2 6 0 5, 1 1 38 0 30, 2 14 36 0 26, 6 10 27 0 19, 9 13 36 0 33, 3 3 11 1 6, 7 15 46 1 45, 4 5 21 1 16, 5 4 31 0 20
1 11 29 0 19, 5 15 24 0 23, 9 6 5 1 4, 2 15 44 0 27, 13 3 22 0 16, 3 5 5 0 4, 14 8 8 0 5, 11 7 39 0 31, 6 2 42 0 36, 15 9 39 0 29, 4 12 41 1 32, 18 13 19 0 15, 8 12 20 0 15, 12 10 7 0 4, 10 4 18 0 13, 7 11 15 0 10
14 6 13 0 9, 17 8 15 1 10, 1 11 41 1 35, 18 15 50 0 46, 12 6 38 0 29, 13 10 16 1 11, 15 3 6 1 4, 16 11 18 0 15
7 9 29 0 21, 9 15 19 0 13, 1 9 43 1 41, 4 3 18 0 16, 8 3 8 1 7, 12 14 29 0 20, 10 9 28 0 26, 11 15 47 0 37, 5 4 9 1 7, 13 10 7 0 4
18 11 18 0 14, 21 14 14 0 12, 2 7 32 0 22, 20 14 15 1 12, 1 11 41 0 39, 3 3 33 0 28, 4 4 40 0 35, 5 6 31 0 19
1 11 44 0 29, 21 12 18 0 11, 2 5 16 0 11, 6 13 46 0 28, 13 6 33 1 22, 15 5 8 0 5, 7 11 19 0 17, 16 1 5 0 3, 17 2 42 0 35, 12 8 17 0 13, 18 2 15 0 14, 22 14 20 0 13
13 9 26 0 20, 4 5 16 1 12, 1 8 13 1 8, 12 5 31 0 18, 10 11 27 0 20, 5 9 17 0 11, 7 3 44 0 30, 6 5 46 1 28, 16 4 18 0 15, 8 13 10 0 7, 17 10 32 0 31, 11 13 50 0 39
