1, 18, 10, 12, 17, 15, 2, 4, 6, 15, 17, 2, 6, 8, 10, 18, 1, 12, 2, 7, 14, 2, 7, 7, 10, 17, 6, 4, 17, 6, 4, 17, 14, 12, 7, 12, 7, 18, 12, 6, 12, 7, 12, 1, 4, 12, 8, 15, 18, 7, 4, 1, 6, 18, 8, 6, 2, 2, 7, 12, 12, 6, 2, 10, 6, 18, 1, 7, 4, 8, 15, 15, 2, 7, 17, 12, 12, 4, 8, 12, 12, 10, 6, 15, 18, 18, 14, 6, 15, 17, 4, 6, 14, 2, 10, 1, 17, 18, 8, 14, 18, 7, 4, 8, 12, 17, 2, 4, 10, 14, 15, 14, 17, 6, 14, 4, 4, 6, 14, 1, 15, 10, 6, 18, 14, 18, 15, 8, 1, 2, 17, 15, 12, 17, 7, 8, 4, 14, 2, 10, 15, 18, 7, 6
3 15 43 0 35, 2 15 18 0 17, 6 12 25 0 19, 4 12 43 0 27, 1 14 10 0 8, 5 13 30 0 23, 7 11 39 0 29, 8 8 47 1 44
11 11 42 0 34, 4 7 20 0 17, 8 10 41 0 33, 5 1 33 1 30, 2 15 7 1 5, 7 6 25 0 23, 3 4 40 1 39, 1 8 16 0 14, 6 5 38 1 30, 9 13 12 0 8, 10 11 34 0 21, 14 10 37 0 32
16 7 23 0 18, 14 10 18 0 13, 1 2 18 1 16, 10 9 33 0 26, 9 3 5 0 4, 11 7 36 0 26, 8 6 45 0 43, 13 2 22 0 13, 3 9 20 0 16, 7 1 23 0 22, 2 12 30 0 28, 4 11 9 0 5, 12 15 29 0 27
1 11 36 0 31, 6 2 24 1 19, 2 3 21 0 19, 5 6 33 0 24, 15 14 13 0 10, 3 5 14 0 13, 17 1 47 0 30, 16 8 34 0 27, 4 5 17 1 10, 7 3 21 0 19, 14 7 10 0 7, 10 8 14 0 13, 19 5 19 0 13, 18 13 29 1 17, 9 11 15 0 12, 20 9 24 0 18
19 2 31 0 19, 10 12 5 1 3, 1 7 12 0 11, 7 3 22 1 16, 20 6 18 1 12, 8 5 9 1 6, 11 2 47 0 39, 15 7 13 0 11, 9 2 28 0 21, 14 11 20 0 17, 17 7 20 0 16, 21 10 28 0 17, 18 5 30 0 28
1 4 50 1 40, 13 10 44 0 30, 15 13 38 0 28, 17 10 34 0 25, 14 14 31 0 26, 12 3 43 0 32, 16 14 28 0 27, 19 11 16 0 11, 20 3 45 1 42
4 13 20 0 13, 3 1 22 1 18, 10 12 45 0 37, 1 4 33 0 31, 5 7 35 0 26, 6 5 10 1 6, 2 15 20 1 16, 9 6 21 1 16, 11 14 17 1 13
12 10 7 0 4, 8 3 18 0 14, 13 3 22 0 16, 18 9 22 0 13, 11 7 39 0 31, 14 1 5 0 3, 9 6 5 1 4, 3 5 5 0 4, 2 15 44 0 27, 1 11 29 0 19, 4 12 41 1 32, 5 15 24 0 23, 10 4 18 0 13, 6 2 42 0 36, 15 9 39 0 29, 7 11 15 0 10
12 14 29 0 20, 11 15 47 0 37, 1 3 46 1 41, 10 15 25 0 24, 6 4 27 0 25, 13 10 7 0 4, 3 4 8 0 6, 2 1 10 0 8, 9 15 19 0 13, 5 4 9 1 7, 8 3 8 1 7
14 9 21 1 16, 1 11 18 1 13, 7 9 47 0 32, 11 8 6 0 4, 15 12 47 0 46, 10 14 50 0 43, 12 7 45 0 31, 4 7 8 0 5, 3 6 17 0 15, 13 1 9 0 6, 5 15 15 0 9, 6 5 43 0 38
15 5 8 0 5, 6 13 46 0 28, 16 1 5 0 3, 7 11 19 0 17, 17 2 42 0 35, 22 6 19 1 16, 1 10 46 0 32, 18 10 18 0 15, 2 10 13 0 7, 21 12 18 0 11, 13 6 33 1 22, 12 8 17 0 13
1 3 8 0 5, 6 5 46 1 28, 12 5 31 0 18, 8 13 10 0 7, 10 15 30 0 29, 7 7 48 0 42, 11 10 48 0 33, 5 9 17 0 11, 14 2 11 1 8, 15 1 16 0 11, 16 4 18 0 15, 4 1 13 0 9, 17 14 35 0 31
