3, 6, 5, 5, 15, 3, 6, 2, 3, 15, 12, 2, 2, 3, 10, 3, 12, 5, 3, 12, 1, 12, 10, 15, 10, 3, 15, 3, 6, 6, 12, 3, 3, 10, 1, 1, 11, 12, 3, 2, 12, 6, 2, 11, 1, 6, 3, 15, 3, 12, 11, 6, 15, 15, 11, 1, 3, 12, 12, 5, 3, 6, 2, 10, 2, 11, 6, 2, 5, 3, 15, 11, 10, 15, 1, 6, 2, 1, 10, 5, 6, 10, 6, 15, 12, 11, 10, 2, 6, 2, 3, 3, 12, 15, 6, 6, 15, 5, 12, 12, 15, 12, 6, 11, 12, 1, 3, 11
5 13 30 0 23, 1 14 10 0 8, 6 12 25 0 19, 2 15 18 0 17, 7 11 39 0 29, 4 12 43 0 27, 3 15 43 0 35, 8 8 47 1 44
13 7 39 0 38, 1 8 16 0 14, 8 10 41 0 33, 14 12 40 0 35, 4 7 20 0 17, 7 6 25 0 23, 12 4 25 1 18, 3 4 40 1 39, 5 11 43 0 26, 2 9 8 1 5, 6 1 42 1 33
8 12 9 1 5, 16 10 49 0 34, 1 11 34 0 31, 13 9 40 0 37, 15 1 10 0 8, 7 5 39 0 24, 17 10 20 0 13, 19 3 20 1 12, 14 4 12 0 10, 18 10 39 0 38, 5 2 19 0 12, 3 1 11 0 9, 2 11 27 0 26, 6 13 5 1 4, 4 2 18 0 12, 9 5 30 0 22, 10 13 40 0 29, 11 2 29 1 19, 12 12 16 0 15
14 8 11 0 10, 15 5 24 0 22, 1 4 29 1 19, 17 3 21 1 19, 16 13 14 0 11, 17 3 21 1 19, 18 10 40 0 31
17 12 44 1 32, 16 4 33 0 24, 2 3 21 0 19, 5 6 33 0 24, 1 11 36 0 31, 3 5 14 0 13, 6 2 24 1 19, 7 9 17 0 13, 18 13 29 1 17, 4 5 17 1 10, 15 14 13 0 10, 8 8 38 0 35, 19 1 18 0 13, 14 7 10 0 7, 9 11 15 0 12, 20 9 24 0 18
1 4 33 0 31, 3 13 24 0 18, 5 7 35 0 26, 2 6 27 0 26, 4 13 20 0 13, 6 5 10 1 6, 9 9 19 0 15, 10 12 45 0 37, 11 14 17 1 13
1 6 30 1 25, 8 2 6 0 5, 4 5 21 1 16, 2 14 36 0 26, 7 1 40 0 35, 3 5 13 0 8, 6 10 27 0 19, 9 5 40 0 24, 5 3 33 1 22
6 2 42 0 36, 13 3 22 0 16, 8 3 18 0 14, 7 11 15 0 10, 18 13 19 0 15, 4 12 41 1 32, 14 13 9 1 5, 1 11 29 0 19, 2 15 44 0 27, 3 5 5 0 4, 15 9 39 0 29, 5 15 24 0 23, 9 14 7 0 4, 10 4 18 0 13, 11 7 39 0 31, 12 10 7 0 4
7 9 47 0 32, 1 11 18 1 13, 9 8 22 0 15, 11 8 6 0 4, 8 8 28 0 18, 12 7 45 0 31, 13 1 9 0 6, 3 6 17 0 15, 14 9 21 1 16, 5 2 12 1 10, 15 1 42 0 39, 4 7 8 0 5, 6 5 43 0 38
