4, 7, 18, 12, 2, 3, 17, 15, 7, 8, 6, 12, 10, 14, 5, 17, 9, 11, 3, 2, 3, 6, 3, 1, 13, 12, 15, 9, 3, 18, 4, 9, 2, 18, 1, 9, 14, 17, 8, 8, 7, 5, 12, 7, 15, 9, 15, 10, 6, 3, 3, 2, 14, 9, 6, 6, 5, 15, 2, 16, 8, 12, 18, 12, 16, 4, 11, 2, 3, 14, 9, 4, 17, 12, 5, 2, 3, 12, 15, 10, 4, 4, 15, 5, 9, 8, 8, 13, 13, 18, 1, 9, 14, 14, 7, 8, 16, 2, 12, 13, 7, 6, 15, 5, 1, 10, 7, 3, 17, 5, 9, 3, 11, 6, 17, 17, 18, 4, 16, 11, 1, 7, 7, 12, 4, 6, 3, 18, 3, 18, 4, 13, 6, 3, 14, 15, 9, 2, 10, 6, 9, 17, 12, 16, 18, 5, 5, 15, 18, 3, 6, 11, 7, 9, 1, 16, 11, 11, 3, 9, 4, 11, 10, 15, 1, 8, 6, 6, 17, 12, 13, 7, 14, 13, 12, 6, 6, 10, 9, 1, 3, 16, 12, 4, 12, 12, 18, 14, 2, 17, 3, 4, 15, 14, 5, 6, 13, 2, 8, 16, 4, 11, 10, 18, 17, 7, 17, 3
4 12 43 0 27, 7 11 39 0 29, 1 14 10 0 8, 2 15 18 0 17, 3 15 43 0 35, 6 12 25 0 19, 5 13 30 0 23, 8 8 47 1 44
7 15 30 0 29, 13 7 39 0 38, 4 9 10 0 9, 2 8 6 0 5, 8 10 41 0 33, 14 10 37 0 32, 5 1 33 1 30, 12 4 25 1 18, 3 4 40 1 39, 1 5 10 1 7, 6 1 42 1 33
7 5 39 0 24, 16 15 44 1 32, 19 10 40 1 24, 1 11 34 0 31, 5 2 19 0 12, 3 7 8 1 7, 9 5 30 0 22, 17 10 20 0 13, 14 7 15 0 13, 8 1 6 1 3, 6 1 13 0 9, 10 7 41 0 39, 13 15 35 0 27, 15 1 10 0 8, 2 2 35 0 23, 18 9 40 0 26, 11 2 29 1 19, 12 12 16 0 15, 4 7 13 1 8
3 9 20 0 16, 2 8 38 0 28, 13 1 28 0 27, 4 5 8 1 5, 1 2 18 1 16, 7 1 23 0 22, 8 6 45 0 43, 9 12 9 1 8, 11 11 41 0 40, 14 10 18 0 13, 16 9 25 0 21, 10 5 39 0 23, 12 15 29 0 27
15 5 24 0 22, 10 1 38 0 32, 14 8 11 0 10, 13 15 22 0 20, 1 11 31 0 21, 11 14 41 0 36, 17 14 29 0 19, 12 6 26 0 25, 16 8 19 0 14, 18 7 34 0 33
2 6 19 1 18, 1 11 36 0 31, 15 13 16 0 15, 18 9 30 0 28, 17 12 44 1 32, 16 5 31 0 22, 19 12 15 1 13, 20 9 24 0 18, 5 6 33 0 24, 3 5 14 0 13, 4 8 20 0 14, 6 10 18 0 16, 7 15 24 0 23, 10 8 14 0 13, 9 11 15 0 12, 14 7 10 0 7
1 7 12 0 11, 7 3 22 1 16, 8 5 9 1 6, 11 2 47 0 39, 12 1 27 0 23, 9 6 24 1 21, 10 12 5 1 3, 19 2 31 0 19, 21 10 28 0 17, 20 5 22 1 18, 13 9 18 1 17, 18 13 26 1 24
1 4 50 1 40, 14 14 31 0 26, 12 3 43 0 32, 18 7 15 1 10, 16 14 28 0 27, 13 10 44 0 30, 15 10 36 1 34, 17 2 39 1 31, 20 3 45 1 42
13 2 44 1 38, 7 13 5 0 4, 17 15 20 0 15, 14 15 42 0 34, 10 14 10 0 6, 20 8 21 1 14, 16 4 42 0 28, 5 9 7 0 5, 1 13 28 0 21, 2 7 21 0 15, 15 5 14 1 13, 11 9 24 0 22, 4 3 13 0 12, 6 6 29 0 27, 12 4 45 1 39
3 1 22 1 18, 10 3 48 0 35, 8 12 44 0 32, 1 2 39 0 25, 7 12 32 0 23, 9 3 24 0 21, 2 15 20 1 16, 11 14 17 1 13
3 12 12 0 7, 6 10 27 0 19, 8 2 6 0 5, 4 5 21 1 16, 7 1 40 0 35, 1 6 30 1 25, 2 14 36 0 26, 9 5 40 0 24, 5 6 29 0 17
13 3 22 0 16, 15 9 39 0 29, 14 13 9 1 5, 1 11 29 0 19, 3 5 5 0 4, 2 15 44 0 27, 5 15 24 0 23, 8 3 18 0 14, 7 8 19 1 14, 6 2 42 0 36, 18 13 19 0 15, 9 6 5 1 4, 4 12 41 1 32, 11 7 39 0 31, 10 4 18 0 13, 12 10 7 0 4
14 14 19 0 12, 12 6 38 0 29, 13 12 18 0 17, 17 8 15 1 10, 15 6 5 0 4, 1 11 41 1 35, 16 14 13 0 10, 18 15 50 0 46
10 15 25 0 24, 7 9 29 0 21, 1 3 46 1 41, 12 14 29 0 20, 4 3 18 0 16, 11 4 42 0 36, 5 4 9 1 7, 9 12 10 0 7, 13 10 7 0 4, 8 3 8 1 7
1 11 18 1 13, 12 7 45 0 31, 13 5 10 0 9, 3 6 17 0 15, 14 9 21 1 16, 11 8 6 0 4, 4 7 8 0 5, 7 9 47 0 32, 5 2 12 1 10, 10 14 50 0 43, 15 1 42 0 39, 6 5 43 0 38
1 11 41 0 39, 18 11 18 0 14, 21 14 14 0 12, 20 15 23 0 13, 2 7 32 0 22, 3 3 33 0 28, 4 7 41 0 30, 5 6 31 0 19
18 2 15 0 14, 13 6 33 1 22, 14 1 17 1 16, 20 9 5 1 4, 1 11 44 0 29, 6 13 46 0 28, 2 10 13 0 7, 17 2 42 0 35, 19 1 6 0 5, 22 14 20 0 13, 7 11 19 0 17, 12 4 21 0 20
1 8 13 1 8, 12 5 31 0 18, 7 7 48 0 42, 2 6 12 1 11, 3 2 21 0 20, 6 5 46 1 28, 16 4 18 0 15, 10 11 27 0 20, 9 15 13 0 8, 13 3 30 0 22, 11 10 48 0 33, 17 10 32 0 31
