12, 12, 7, 15, 1, 4, 18, 12, 8, 17, 8, 4, 7, 4, 4, 17, 2, 12, 2, 7, 12, 2, 15, 17, 15, 18, 12, 1, 18, 2, 17, 1, 17, 18, 12, 18, 15, 1, 15, 2, 2, 18, 4, 12, 18, 12, 4, 18, 1, 2, 12, 17, 4, 7, 18, 2, 18, 7, 4, 8, 17, 7, 8, 4, 2, 17, 7, 15, 7, 4, 1, 12, 18, 15, 12, 7, 15, 2, 8, 17, 1, 4, 15, 8, 17, 17, 1, 7, 18, 7, 8, 12, 17, 18, 12, 4, 17, 8, 8, 15, 2, 4, 15, 12, 12, 7
2 15 18 0 7, 6 12 25 0 13, 4 12 43 0 19, 3 15 43 0 20, 7 5 49 0 25, 1 14 10 1 5, 5 13 30 0 17, 8 8 47 1 27
6 1 42 1 22, 1 5 10 0 5, 5 11 43 0 21, 3 4 40 1 21, 4 9 10 1 5, 7 6 25 0 11, 2 8 6 1 2, 8 10 41 0 20, 12 4 25 1 10, 13 7 39 0 22, 14 10 37 1 20
1 2 18 1 8, 2 8 38 1 20, 13 6 21 0 12, 3 9 20 1 9, 4 5 8 1 3, 7 10 20 0 10, 14 10 18 1 8, 16 7 23 1 10, 8 6 45 1 18, 9 3 5 1 2, 10 9 33 0 15, 11 7 36 1 16, 12 14 31 0 17
21 10 28 1 12, 8 5 9 1 3, 19 2 31 1 17, 10 12 5 1 2, 7 3 22 0 9, 1 7 12 1 5, 9 6 24 0 14, 20 11 23 1 9, 11 2 47 1 19, 12 1 27 1 12, 13 9 18 1 7, 18 13 26 1 14
1 4 50 0 21, 17 2 39 0 16, 12 3 43 0 17, 14 14 31 0 17, 13 10 44 0 25, 15 10 36 1 14, 16 14 28 0 13, 19 11 16 0 6, 20 12 48 0 22
1 11 29 1 16, 3 5 5 0 2, 5 15 24 1 11, 8 3 18 0 10, 9 6 5 1 2, 2 8 46 0 22, 6 13 45 0 26, 10 4 18 1 7, 13 3 22 1 9, 11 7 39 1 16, 15 9 39 0 15, 14 1 5 1 2, 4 12 41 1 24, 12 10 7 0 3, 18 5 21 0 8, 7 11 15 1 6
8 8 28 0 11, 7 9 47 0 22, 12 5 48 1 26, 13 5 10 0 4, 14 6 24 1 12, 2 12 41 0 17, 15 1 42 0 20, 6 5 43 1 25, 1 11 18 1 9, 9 2 18 1 9, 11 8 6 1 3
13 6 33 1 14, 18 2 15 0 7, 15 8 7 0 3, 1 11 44 0 19, 22 11 17 1 7, 16 1 5 1 2, 21 3 15 1 6, 8 9 17 1 7, 9 2 29 0 16, 11 1 24 0 10, 10 13 16 0 7, 17 2 42 1 25, 12 8 17 0 8
7 3 44 0 17, 1 8 13 0 5, 11 10 48 0 23, 14 2 11 0 6, 15 1 16 0 8, 5 9 17 0 7, 4 1 13 0 7, 12 15 36 0 21, 9 8 16 1 7, 10 15 30 0 16, 16 4 18 0 8, 17 14 35 0 20, 6 5 46 0 22
