11, 4, 14, 7, 5, 10, 4, 2, 13, 4, 10, 11, 1, 8, 7, 2, 17, 17, 5, 8, 4, 17, 16, 8, 10, 16, 7, 2, 4, 13, 10, 8, 11, 1, 14, 1, 4, 2, 16, 17, 16, 4, 10, 11, 1, 7, 17, 1, 2, 17, 13, 2, 7, 13, 11, 14, 16, 2, 8, 7, 14, 8, 4, 13, 13, 17, 5, 17, 8, 7, 11, 5, 4, 1, 10, 4, 2, 7, 7, 17, 1, 10, 2, 11, 4, 10, 17, 17, 11, 16, 13, 10, 14, 7, 14, 5, 16, 4, 8, 2, 14, 11, 14, 17, 5, 1, 7, 13, 14, 16, 4, 2, 5, 7, 5, 8, 14, 17
1 14 10 1 5, 7 11 39 0 21, 5 13 30 0 17, 2 15 18 0 7, 3 15 43 0 20, 6 12 25 0 13, 4 12 43 0 19, 8 8 47 1 27
3 4 40 1 21, 12 4 25 1 10, 4 9 10 1 5, 6 5 38 0 17, 13 7 39 0 22, 5 1 33 1 13, 2 9 8 0 4, 7 6 25 0 11, 8 10 41 0 20, 1 5 10 0 5, 14 10 37 1 20
1 2 18 1 8, 13 1 28 0 15, 8 6 45 1 18, 9 3 5 1 2, 15 12 24 0 10, 2 12 30 0 12, 3 9 20 1 9, 4 5 8 1 3, 7 10 20 0 10, 10 9 33 0 15, 16 9 25 1 11, 11 7 36 1 16, 12 15 29 1 11
15 3 27 1 12, 17 14 29 0 13, 17 14 29 0 13, 14 8 11 0 4, 1 3 35 0 14, 16 8 19 0 9, 17 3 21 0 9, 18 14 35 1 16
21 10 28 1 12, 1 7 12 1 5, 19 2 31 1 17, 11 2 47 1 19, 10 12 5 1 2, 12 1 27 1 12, 13 13 19 0 10, 7 3 22 0 9, 20 6 18 1 9, 9 6 24 0 14, 8 5 9 1 3, 18 13 26 1 14
18 7 15 1 6, 15 13 38 0 20, 12 3 43 0 17, 20 3 45 1 23, 13 10 44 0 25, 14 14 31 0 17, 17 10 34 0 19, 1 4 50 0 21, 16 14 28 0 13
2 15 20 0 11, 4 10 22 0 10, 6 5 10 0 4, 5 4 37 0 20, 9 9 19 1 11, 1 4 33 1 16, 3 13 24 1 12, 10 12 45 1 20, 11 14 17 0 10
7 15 46 0 21, 8 2 6 0 3, 1 6 30 0 17, 6 10 27 1 13, 2 14 36 1 18, 4 5 21 1 10, 3 11 9 0 4, 9 5 40 1 22, 5 4 31 1 13
14 6 13 1 6, 1 11 41 0 20, 13 12 18 1 9, 17 8 15 0 7, 15 3 6 0 3, 12 13 41 0 20, 18 2 44 0 23, 16 11 18 1 9
4 3 18 0 9, 1 9 43 0 19, 10 15 25 0 12, 12 14 29 0 15, 11 4 42 1 20, 5 4 9 1 4, 9 12 10 1 4, 13 10 7 1 4, 7 9 29 1 16, 8 2 9 1 4
2 7 32 0 12, 4 4 40 0 21, 20 14 15 1 7, 18 5 27 0 13, 1 11 41 1 21, 21 2 27 0 11, 3 3 33 0 16, 5 1 25 1 12
8 9 17 1 7, 9 12 30 0 12, 10 15 13 0 5, 1 11 44 0 19, 18 2 15 0 7, 16 8 8 1 4, 21 12 18 0 8, 13 6 33 1 14, 15 5 8 0 3, 11 1 24 0 10, 22 11 17 1 7, 17 2 42 1 25, 12 8 17 0 8
