10, 18, 3, 5, 6, 3, 18, 2, 3, 6, 5, 11, 14, 6, 7, 13, 2, 18, 10, 3, 2, 3, 18, 3, 9, 10, 14, 3, 9, 2, 9, 3, 7, 11, 9, 14, 9, 3, 2, 16, 14, 9, 10, 18, 2, 11, 7, 7, 3, 5, 16, 6, 14, 9, 6, 7, 5, 18, 9, 10, 6, 3, 14, 3, 16, 6, 7, 6, 7, 6, 9, 7, 16, 18, 11, 16, 16, 9, 7, 9, 6, 2, 13, 11, 13, 11, 13, 13, 18, 18, 14, 3, 3, 2, 18, 10, 13, 9, 6, 3, 5, 7, 2, 13, 3, 18, 10, 3, 9, 3, 2, 6, 6, 16, 18, 11, 7, 3, 2, 5, 11, 9, 18, 11, 6, 13, 6, 5, 14, 16, 7, 10, 14, 14, 6
1 14 13 0 6, 4 9 10 1 5, 3 4 40 1 21, 12 8 26 1 13, 2 8 6 1 2, 5 7 40 1 22, 6 5 38 0 17, 7 6 25 0 11, 13 7 39 0 22, 8 10 41 0 20, 14 10 37 1 20
1 4 29 0 15, 7 5 39 1 17, 16 15 44 0 23, 10 7 41 0 16, 14 2 11 1 5, 12 4 20 0 8, 17 10 20 0 8, 13 15 35 0 19, 2 11 27 1 13, 15 1 10 1 4, 8 1 6 0 2, 3 7 8 0 4, 18 9 40 0 22, 9 5 30 0 14, 6 7 8 0 3, 11 2 29 1 13, 5 2 19 0 9, 4 2 18 1 9, 19 3 20 0 9
17 3 21 0 9, 15 5 24 0 12, 17 2 27 0 15, 14 12 13 0 7, 1 4 29 1 16, 16 4 20 1 8, 18 7 34 1 17
2 6 19 0 10, 1 4 33 0 15, 17 12 44 1 17, 15 2 14 1 7, 5 6 33 0 15, 16 1 36 1 16, 6 2 24 1 11, 14 7 10 0 5, 18 10 26 0 12, 7 3 21 1 9, 19 12 15 1 8, 10 8 14 0 6, 3 5 14 0 7, 20 11 25 0 11, 9 11 15 0 7, 4 8 20 0 10
19 1 35 1 17, 21 7 33 0 17, 8 5 9 1 3, 20 6 18 1 9, 7 3 22 0 9, 1 8 17 1 8, 9 6 24 0 14, 10 12 5 1 2, 11 2 47 1 19, 12 1 27 1 12, 13 13 19 0 10, 18 13 26 1 14
1 12 21 1 9, 2 7 21 1 9, 13 2 44 1 25, 7 13 5 0 2, 17 15 20 1 10, 11 15 20 0 11, 14 5 43 0 19, 20 4 18 0 8, 16 13 46 1 21, 15 9 21 0 11, 6 6 29 1 15, 3 13 20 0 10, 10 14 10 1 5, 12 6 41 0 19
3 13 24 1 12, 2 15 20 0 11, 1 1 34 1 16, 7 12 32 0 18, 8 12 44 1 21, 9 9 19 1 11, 10 3 48 0 21, 11 14 17 0 10
8 2 6 0 3, 2 8 40 0 21, 6 10 27 1 13, 9 13 36 0 19, 4 5 21 1 10, 7 15 46 0 21, 1 6 30 0 17, 3 12 12 0 5, 5 3 33 0 19
17 8 15 0 7, 1 11 41 0 20, 14 6 13 1 6, 12 6 38 0 15, 15 4 4 1 2, 13 10 16 1 7, 16 14 13 1 7, 18 15 50 1 25
9 15 19 0 10, 1 3 46 1 19, 7 9 29 1 16, 12 9 35 1 19, 4 6 25 0 13, 5 4 9 1 4, 8 3 8 1 4, 10 9 28 0 13, 11 4 42 1 20, 13 6 9 1 3
1 11 41 1 21, 20 7 19 0 11, 21 14 14 0 6, 4 4 40 0 21, 2 7 32 0 12, 18 10 24 1 10, 3 3 33 0 16, 5 1 25 1 12
17 10 32 1 13, 1 3 8 0 4, 5 9 17 0 7, 7 3 44 0 17, 12 5 31 1 13, 15 1 16 0 8, 16 15 19 1 9, 9 15 13 0 7, 11 13 50 1 22, 14 2 11 0 6, 10 15 30 0 16, 4 10 18 0 9, 6 8 47 0 22
