9, 6, 14, 18, 8, 4, 18, 6, 16, 13, 9, 8, 5, 6, 6, 14, 7, 18, 6, 4, 6, 15, 15, 8, 13, 17, 8, 6, 7, 18, 14, 4, 17, 4, 4, 18, 16, 9, 9, 7, 7, 17, 15, 9, 15, 18, 7, 16, 4, 17, 18, 6, 5, 13, 6, 5, 16, 6, 13, 17, 17, 9, 4, 4, 18, 18, 7, 5, 15, 16, 14, 14, 17, 4, 8, 9, 14, 16, 7, 9, 17, 17, 15, 8, 6, 4, 9, 18, 7, 5, 13, 15, 6, 18, 9, 14, 7, 16, 14, 8, 8, 8, 9, 6, 17, 7, 17, 13, 9, 9, 9, 9, 13, 18, 8, 15, 17, 5, 6, 7, 14, 5, 7, 16, 16, 4, 15, 6, 7, 13, 15, 16, 18, 14, 4, 17, 4, 9, 14, 16, 8, 6, 5
1 2 18 1 8, 3 9 20 1 9, 2 12 30 0 12, 7 10 20 0 10, 4 5 8 1 3, 9 12 9 0 4, 13 6 21 0 12, 8 6 45 1 18, 16 7 23 1 10, 10 9 33 0 15, 14 10 18 1 8, 11 7 36 1 16, 12 15 29 1 11
1 11 31 0 14, 2 3 34 1 17, 17 3 21 0 9, 14 8 11 0 4, 15 5 24 0 12, 17 3 21 0 9, 16 8 19 0 9, 18 7 34 1 17
15 14 13 1 6, 4 8 20 0 10, 3 5 14 0 7, 7 9 17 0 7, 5 6 33 0 15, 2 6 19 0 10, 10 8 14 0 6, 9 11 15 0 7, 16 4 33 1 15, 6 10 18 1 10, 18 10 26 0 12, 14 10 14 1 7, 17 12 44 1 17, 19 5 19 1 7, 1 4 33 0 15, 20 9 24 1 10
7 3 22 0 9, 10 12 5 1 2, 11 9 48 0 28, 15 8 11 1 5, 21 10 28 1 12, 8 5 9 1 3, 19 2 31 1 17, 1 7 12 1 5, 17 7 20 0 10, 14 7 22 0 8, 9 6 24 0 14, 20 6 18 1 9, 18 13 26 1 14
2 15 21 1 8, 19 11 16 0 6, 1 4 50 0 21, 6 13 33 0 13, 17 10 34 0 19, 3 12 35 0 19, 7 1 38 0 15, 8 6 16 1 7, 20 3 45 1 23, 9 9 24 0 10, 11 1 15 0 7
1 12 21 1 9, 13 2 44 1 25, 2 7 21 1 9, 16 4 42 1 24, 18 2 10 0 5, 14 15 42 0 23, 15 5 14 1 7, 7 11 9 1 3, 5 3 6 0 2, 20 4 18 0 8, 10 14 10 1 5, 19 2 9 0 4, 11 11 22 1 12, 6 10 32 0 14, 4 15 15 0 7, 12 6 41 0 19
1 11 41 0 20, 12 13 41 0 20, 14 1 15 1 6, 17 8 15 0 7, 15 4 4 1 2, 18 2 44 0 23, 13 10 16 1 7, 16 14 13 1 7
1 3 46 1 19, 9 12 10 1 4, 2 1 10 1 5, 10 15 25 0 12, 11 4 42 1 20, 12 14 29 0 15, 3 4 8 1 4, 7 9 29 1 16, 13 10 7 1 4, 5 4 9 1 4, 8 3 8 1 4
12 7 45 1 19, 10 14 50 1 21, 11 8 6 1 3, 7 9 47 0 22, 2 12 41 0 17, 14 9 21 1 9, 6 5 43 1 25, 1 11 18 1 9, 13 1 9 1 5, 15 1 42 0 20
20 14 15 1 7, 6 6 5 0 2, 1 1 43 1 19, 12 14 24 0 10, 18 11 18 1 9, 21 14 14 0 6, 14 1 17 0 8, 13 4 44 0 17, 15 4 6 0 2, 16 9 5 1 2, 17 13 19 1 8
19 1 6 1 3, 13 6 33 1 14, 15 8 7 0 3, 2 10 13 1 6, 20 10 10 1 5, 22 11 17 1 7, 16 8 8 1 4, 18 2 15 0 7, 1 11 44 0 19, 7 11 19 0 11, 6 13 46 1 19, 17 2 42 1 25, 12 8 17 0 8
4 10 18 0 9, 11 13 50 1 22, 12 13 32 0 15, 9 15 13 0 7, 15 1 16 0 8, 1 3 8 0 4, 5 9 17 0 7, 7 3 44 0 17, 10 15 30 0 16, 14 2 11 0 6, 6 8 47 0 22, 16 4 18 0 8, 17 10 32 1 13
