1, 4, 8, 7, 7, 1, 4, 5, 14, 7, 4, 5, 7, 13, 4, 5, 16, 1, 8, 14, 10, 8, 4, 14, 5, 16, 4, 8, 7, 14, 16, 10, 7, 1, 4, 16, 10, 13, 1, 4, 13, 16, 14, 13, 1, 4, 4, 7, 1, 5, 10, 16, 8, 4, 8, 5, 7, 7, 10, 1, 7, 14, 13, 4, 13, 7, 8, 10, 8, 16, 16, 16, 5, 13, 10, 14, 10, 10, 7, 14, 13, 8, 16, 14, 14, 4, 16
6 12 25 0 13, 1 14 10 1 5, 3 15 43 0 20, 2 15 18 0 7, 5 13 30 0 17, 4 12 43 0 19, 7 11 39 0 21, 8 8 47 1 27
1 2 18 1 8, 13 6 21 0 12, 15 12 24 0 10, 2 12 30 0 12, 16 7 23 1 10, 3 9 20 1 9, 4 5 8 1 3, 7 10 20 0 10, 8 6 45 1 18, 9 3 5 1 2, 10 9 33 0 15, 11 7 36 1 16, 12 14 31 0 17
1 5 36 1 14, 17 14 29 0 13, 15 13 26 1 14, 17 7 30 1 14, 14 8 11 0 4, 16 8 19 0 9, 18 7 34 1 17
7 3 22 0 9, 1 7 12 1 5, 9 6 24 0 14, 8 10 10 0 5, 19 2 31 1 17, 10 12 5 1 2, 12 1 27 1 12, 13 14 20 0 10, 11 9 48 0 28, 18 13 26 1 14, 20 5 22 0 10, 21 10 28 1 12
15 13 38 0 20, 1 4 50 0 21, 12 3 43 0 17, 17 10 34 0 19, 14 13 32 0 16, 13 10 44 0 25, 19 11 16 0 6, 16 14 28 0 13, 20 12 48 0 22
3 1 22 1 9, 4 13 20 1 9, 5 4 37 0 20, 6 5 10 0 4, 1 4 33 1 16, 10 3 48 0 21, 2 15 20 0 11, 9 2 23 0 13, 11 14 17 0 10
1 11 41 0 20, 14 6 13 1 6, 12 6 38 0 15, 17 8 15 0 7, 18 2 44 0 23, 13 10 16 1 7, 15 4 4 1 2, 16 14 13 1 7
1 9 43 0 19, 12 14 29 0 15, 4 3 18 0 9, 9 12 10 1 4, 10 9 28 0 13, 11 4 42 1 20, 5 4 9 1 4, 13 10 7 1 4, 6 3 29 0 16, 8 3 8 1 4
20 14 15 1 7, 1 1 43 1 19, 6 12 10 0 4, 12 14 24 0 10, 18 5 27 0 13, 13 1 50 1 23, 21 12 29 0 17, 14 1 17 0 8, 15 4 6 0 2, 16 12 6 1 2, 17 13 19 1 8
