11, 17, 9, 4, 16, 18, 6, 8, 16, 11, 1, 14, 12, 7, 7, 17, 18, 12, 17, 14, 1, 12, 4, 18, 6, 13, 9, 7, 15, 12, 6, 1, 6, 9, 13, 11, 9, 4, 18, 15, 17, 14, 11, 8, 18, 17, 8, 7, 16, 4, 9, 17, 18, 12, 7, 6, 9, 5, 16, 15, 6, 8, 1, 12, 17, 17, 11, 12, 9, 17, 6, 6, 12, 18, 11, 13, 7, 17, 8, 4, 11, 15, 4, 14, 16, 5, 15, 9, 18, 7, 6, 4, 7, 7, 5, 15, 13, 13, 16, 12, 12, 6, 15, 5, 5, 9, 11, 15, 5, 1, 7, 14, 12, 6, 17, 16, 9, 1, 13, 15, 18, 8, 16, 12, 18, 6, 14, 4, 16, 14, 8, 9, 4, 4, 9, 7, 1, 12, 4, 13, 17, 4, 6, 6, 16, 12, 8, 14, 9, 5, 17, 9, 9, 15, 6, 12, 18, 11, 14, 18, 4, 14, 6, 18, 16, 1, 5, 12, 7, 13, 17, 8
6 12 25 0 13, 3 15 43 0 20, 1 14 10 1 5, 7 11 39 0 21, 2 15 18 0 7, 4 12 43 0 19, 5 13 30 0 17, 8 8 47 1 27
10 9 33 0 15, 11 7 36 1 16, 15 12 24 0 10, 7 10 20 0 10, 1 2 18 1 8, 2 12 30 0 12, 8 6 45 1 18, 3 9 20 1 9, 13 6 21 0 12, 4 11 9 1 5, 16 7 23 1 10, 9 3 5 1 2, 12 15 29 1 11
1 3 35 0 14, 15 13 26 1 14, 14 12 13 0 7, 17 3 21 0 9, 17 3 21 0 9, 17 3 21 0 9, 16 13 14 0 7, 18 7 34 1 17
17 1 47 1 26, 5 3 36 0 15, 1 4 33 0 15, 18 9 30 1 12, 4 5 17 1 9, 2 6 19 0 10, 7 9 17 0 7, 3 5 14 0 7, 16 5 31 1 18, 6 10 18 1 10, 10 8 14 0 6, 19 5 19 1 7, 15 2 14 1 7, 9 11 15 0 7, 20 9 24 1 10, 14 7 10 0 5
7 3 22 0 9, 21 10 28 1 12, 9 1 27 0 12, 19 2 31 1 17, 8 5 9 1 3, 10 6 8 0 4, 13 9 18 1 7, 11 2 47 1 19, 20 11 23 1 9, 12 1 27 1 12, 1 8 17 1 8, 18 13 26 1 14
17 10 34 0 19, 19 11 16 0 6, 15 13 38 0 20, 14 13 32 0 16, 20 12 48 0 22, 1 4 50 0 21, 12 3 43 0 17, 13 10 44 0 25, 16 14 28 0 13
18 2 10 0 5, 19 2 9 0 4, 13 2 44 1 25, 15 5 14 1 7, 11 15 20 0 11, 16 13 46 1 21, 14 5 43 0 19, 10 7 15 0 7, 1 13 28 0 12, 2 7 21 1 9, 3 13 20 0 10, 6 6 29 1 15, 7 13 5 0 2, 12 6 41 0 19, 20 4 18 0 8
8 2 6 0 3, 9 13 36 0 19, 4 5 21 1 10, 1 6 30 0 17, 2 14 36 1 18, 6 10 27 1 13, 7 1 40 0 21, 3 11 9 0 4, 5 3 33 0 19
2 15 44 1 18, 10 4 18 1 7, 4 12 41 1 24, 5 15 24 1 11, 13 3 22 1 9, 16 7 10 0 5, 11 7 39 1 16, 12 10 7 0 3, 6 2 42 1 19, 1 11 29 1 16, 3 5 5 0 2, 9 6 5 1 2, 7 11 15 1 6, 17 4 41 0 20, 8 12 20 1 10, 18 9 22 0 10
1 11 41 0 20, 17 8 15 0 7, 12 6 38 0 15, 14 13 14 0 7, 15 4 4 1 2, 13 10 16 1 7, 18 2 44 0 23, 16 14 13 1 7
12 14 29 0 15, 4 3 18 0 9, 1 9 43 0 19, 10 9 28 0 13, 5 4 9 1 4, 11 4 42 1 20, 6 13 33 0 13, 9 12 10 1 4, 8 2 9 1 4, 13 6 9 1 3
10 14 50 1 21, 12 5 48 1 26, 13 5 10 0 4, 1 11 18 1 9, 2 12 41 0 17, 15 1 42 0 20, 14 3 22 1 9, 7 9 47 0 22, 11 8 6 1 3, 6 5 43 1 25
6 6 5 0 2, 18 10 24 1 10, 15 7 10 1 4, 1 11 41 1 21, 13 4 44 0 17, 16 9 5 1 2, 12 14 24 0 10, 14 1 17 0 8, 20 14 15 1 7, 21 14 14 0 6, 17 3 20 0 10
8 9 17 1 7, 13 6 33 1 14, 12 8 17 0 8, 18 2 15 0 7, 9 2 29 0 16, 20 9 5 1 2, 15 8 7 0 3, 19 1 6 1 3, 22 14 20 0 10, 1 11 44 0 19, 16 8 8 1 4, 10 15 13 0 5, 11 1 24 0 10, 17 2 42 1 25
4 1 13 0 7, 8 13 10 1 4, 16 4 18 0 8, 1 3 8 0 4, 7 3 44 0 17, 5 9 17 0 7, 10 3 28 0 12, 11 10 48 0 23, 12 15 36 0 21, 6 5 46 0 22, 14 2 11 0 6, 15 14 18 0 7, 17 10 32 1 13
