18, 17, 9, 12, 3, 3, 15, 2, 6, 3, 12, 8, 14, 9, 8, 6, 18, 3, 3, 3, 6, 5, 12, 18, 17, 6, 3, 14, 2, 11, 14, 8, 17, 18, 12, 2, 5, 11, 17, 8, 11, 9, 18, 5, 17, 6, 12, 18, 3, 5, 2, 15, 3, 18, 9, 9, 9, 14, 17, 12, 2, 2, 12, 11, 12, 17, 6, 15, 15, 6, 12, 6, 18, 2, 17, 11, 3, 9, 3, 5, 2, 15, 6, 9, 18, 8, 6, 14, 12, 3, 3, 5, 3, 14, 2, 6, 18, 9, 2, 15, 15, 3, 6, 9, 9, 8, 14, 5, 14, 15, 17, 8, 15, 12, 3, 8, 17, 9, 18, 15, 12, 3, 2, 9, 11, 14, 17, 12, 17, 8, 11, 18, 5, 6, 15, 11, 9, 15, 6, 3, 2, 14, 12, 11, 5, 12, 12, 15, 17, 9, 3, 6, 6
4 7 20 0 11, 7 6 25 0 11, 8 10 41 0 20, 5 11 43 0 21, 2 9 8 0 4, 1 14 13 0 6, 9 2 10 0 5, 10 11 34 1 19, 3 4 40 1 21, 11 6 38 0 18, 6 1 42 1 22, 14 10 37 1 20
16 15 44 0 23, 7 13 48 1 24, 4 7 13 0 6, 13 14 33 1 19, 9 5 30 0 14, 3 7 8 0 4, 8 1 6 0 2, 1 4 29 0 15, 10 12 50 0 23, 5 2 19 0 9, 2 11 27 1 13, 6 13 5 0 2, 17 10 20 0 8, 18 7 29 0 13, 14 2 11 1 5, 11 2 29 1 13, 15 12 20 0 8, 19 14 34 1 16, 12 12 16 0 8
15 5 24 0 12, 16 13 14 0 7, 1 4 29 1 16, 14 8 11 0 4, 17 3 21 0 9, 2 3 34 1 17, 17 3 21 0 9, 17 3 21 0 9, 18 10 40 1 21
18 10 26 0 12, 16 5 31 1 18, 15 14 13 1 6, 6 10 18 1 10, 2 6 19 0 10, 17 12 44 1 17, 5 11 39 0 17, 1 4 33 0 15, 7 9 17 0 7, 19 12 15 1 8, 10 15 17 0 8, 3 5 14 0 7, 4 5 17 1 9, 20 9 24 1 10, 9 11 15 0 7, 14 7 10 0 5
16 14 28 0 13, 1 4 50 0 21, 12 3 43 0 17, 15 10 36 1 14, 17 2 39 0 16, 13 10 44 0 25, 18 7 15 1 6, 14 13 32 0 16, 20 3 45 1 23
16 2 45 0 20, 18 7 12 1 4, 13 2 44 1 25, 3 13 20 0 10, 19 2 9 0 4, 1 13 28 0 12, 2 7 21 1 9, 20 4 18 0 8, 7 13 5 0 2, 10 14 10 1 5, 14 14 44 1 25, 11 3 28 0 13, 6 5 39 0 22, 15 9 21 0 11, 12 6 41 0 19
1 1 38 1 21, 7 1 40 0 21, 2 5 39 1 20, 6 10 27 1 13, 4 13 27 0 13, 8 2 6 0 3, 3 3 11 1 4, 9 13 36 0 19, 5 6 29 1 12
1 11 29 1 16, 4 12 41 1 24, 2 8 46 0 22, 8 3 18 0 10, 13 3 22 1 9, 3 5 5 0 2, 12 10 7 0 3, 5 15 24 1 11, 14 13 9 1 3, 6 2 42 1 19, 9 6 5 1 2, 15 9 39 0 15, 11 7 39 1 16, 10 4 18 1 7, 18 13 19 0 8, 7 8 19 0 11
1 3 46 1 19, 12 14 29 0 15, 5 4 9 1 4, 4 3 18 0 9, 13 10 7 1 4, 7 9 29 1 16, 9 12 10 1 4, 11 4 42 1 20, 10 15 25 0 12, 8 3 8 1 4
12 7 45 1 19, 7 9 47 0 22, 14 9 21 1 9, 1 1 20 1 10, 8 8 28 0 11, 9 2 18 1 9, 13 1 9 1 5, 11 13 7 0 3, 4 7 8 0 3, 15 1 42 0 20, 3 6 17 1 7, 5 15 15 1 7, 6 5 43 1 25
9 2 29 0 16, 18 2 15 0 7, 1 11 44 0 19, 10 15 13 0 5, 22 6 19 0 11, 13 6 33 1 14, 21 3 15 1 6, 8 9 17 1 7, 15 5 8 0 3, 16 1 5 1 2, 11 1 24 0 10, 12 8 17 0 8, 17 2 42 1 25
1 3 8 0 4, 4 10 18 0 9, 7 7 48 1 28, 12 5 31 1 13, 9 15 13 0 7, 5 9 17 0 7, 16 4 18 0 8, 6 5 46 0 22, 13 9 26 0 14, 10 11 27 1 12, 17 14 35 0 20, 11 10 48 0 23
