3, 14, 9, 6, 3, 13, 3, 3, 3, 6, 3, 10, 6, 9, 10, 3, 9, 9, 6, 6, 3, 16, 14, 3, 3, 6, 9, 3, 6, 10, 3, 5, 16, 16, 14, 5, 13, 9, 9, 13, 9, 14, 3, 6, 14, 9, 10, 10, 16, 11, 13, 6, 14, 9, 5, 16, 3, 11, 13, 10, 10, 16, 9, 13, 16, 11, 6, 6, 9, 11, 16, 14, 3, 10, 14, 6, 11, 5, 14, 6, 11, 13, 3, 14, 5, 5, 11, 13, 11, 10, 11, 9, 6, 5, 6, 9, 6, 3, 3, 3, 9
7 5 39 1 17, 8 1 6 0 2, 16 15 44 0 23, 13 15 35 0 19, 18 7 29 0 13, 4 7 13 0 6, 9 5 30 0 14, 2 2 35 0 19, 14 6 14 0 6, 5 4 22 0 10, 1 4 29 0 15, 6 13 5 0 2, 10 3 39 0 19, 17 10 20 0 8, 3 7 8 0 4, 15 1 10 1 4, 11 9 33 0 13, 19 3 20 0 9, 12 12 16 0 8
14 8 11 0 4, 1 4 29 1 16, 15 5 24 0 12, 17 3 21 0 9, 17 2 27 0 15, 16 13 14 0 7, 18 7 34 1 17
10 8 14 0 6, 5 6 33 0 15, 16 5 31 1 18, 9 11 15 0 7, 1 4 33 0 15, 6 10 18 1 10, 2 6 19 0 10, 19 12 15 1 8, 17 12 44 1 17, 15 2 14 1 7, 3 5 14 0 7, 4 5 17 1 9, 7 9 17 0 7, 20 11 25 0 11, 18 10 26 0 12, 14 7 10 0 5
16 4 42 1 24, 18 11 11 0 5, 13 2 44 1 25, 19 2 9 0 4, 1 12 21 1 9, 3 9 22 1 12, 14 15 42 0 23, 6 5 39 0 22, 11 15 20 0 11, 10 14 10 1 5, 7 15 6 1 2, 2 7 21 1 9, 12 4 45 0 18, 20 4 18 0 8, 15 5 14 1 7
1 4 33 1 16, 2 15 20 0 11, 3 1 22 1 9, 4 13 20 1 9, 5 7 35 0 14, 6 5 10 0 4, 9 9 19 1 11, 10 12 45 1 20, 11 14 17 0 10
6 10 27 1 13, 1 6 30 0 17, 2 14 36 1 18, 8 2 6 0 3, 7 1 40 0 21, 9 13 36 0 19, 3 11 9 0 4, 4 5 21 1 10, 5 6 29 1 12
13 10 16 1 7, 12 6 38 0 15, 14 6 13 1 6, 17 8 15 0 7, 18 2 44 0 23, 1 11 41 0 20, 15 4 4 1 2, 16 11 18 1 9
1 9 43 0 19, 9 5 18 1 9, 12 14 29 0 15, 10 15 25 0 12, 4 3 18 0 9, 7 9 29 1 16, 5 4 9 1 4, 11 4 42 1 20, 8 3 8 1 4, 13 10 7 1 4
20 14 15 1 7, 2 7 32 0 12, 3 3 33 0 16, 4 4 40 0 21, 5 1 25 1 12, 18 10 24 1 10, 1 2 45 1 22, 21 14 14 0 6
