4, 7, 9, 18, 7, 9, 16, 7, 8, 9, 17, 17, 18, 13, 4, 18, 18, 8, 4, 4, 9, 9, 18, 18, 9, 16, 9, 13, 7, 18, 14, 4, 16, 7, 18, 17, 17, 13, 18, 9, 8, 4, 16, 14, 4, 8, 8, 4, 4, 14, 17, 17, 14, 7, 8, 14, 13, 13, 14, 16, 17, 18, 17, 18, 17, 16, 9, 7, 16, 4, 16, 13, 8, 9, 18, 14, 7, 17, 13, 4, 9, 17, 8, 17, 7, 9, 16, 17, 14, 4, 18, 7, 4, 9, 17, 16, 8, 9, 7, 14, 16, 13, 7, 14
15 12 24 0 10, 2 12 30 0 12, 1 2 18 1 8, 13 1 28 0 15, 3 9 20 1 9, 16 7 23 1 10, 4 5 8 1 3, 7 10 20 0 10, 8 6 45 1 18, 9 3 5 1 2, 10 5 39 1 17, 11 7 36 1 16, 12 14 31 0 17
20 6 18 1 9, 8 10 10 0 5, 1 8 17 1 8, 7 3 22 0 9, 9 6 24 0 14, 19 2 31 1 17, 11 2 47 1 19, 21 10 28 1 12, 13 14 20 0 10, 10 13 11 0 6, 12 8 30 1 15, 18 13 26 1 14
1 4 50 0 21, 13 10 44 0 25, 19 11 16 0 6, 15 10 36 1 14, 12 3 43 0 17, 14 14 31 0 17, 16 14 28 0 13, 17 10 34 0 19, 20 12 48 0 22
13 2 44 1 25, 16 4 42 1 24, 17 5 23 0 10, 10 14 10 1 5, 11 15 20 0 11, 14 15 42 0 23, 1 12 21 1 9, 3 13 20 0 10, 2 7 21 1 9, 7 13 5 0 2, 6 2 33 0 13, 15 5 14 1 7, 20 4 18 0 8, 12 6 41 0 19
17 8 15 0 7, 13 10 16 1 7, 1 11 41 0 20, 15 6 5 1 2, 12 6 38 0 15, 14 13 14 0 7, 18 2 44 0 23, 16 14 13 1 7
10 15 25 0 12, 1 9 43 0 19, 12 9 35 1 19, 4 3 18 0 9, 5 4 9 1 4, 6 4 27 1 14, 8 3 8 1 4, 11 4 42 1 20, 9 15 19 0 10, 13 10 7 1 4
20 14 15 1 7, 1 11 41 1 21, 6 6 5 0 2, 21 12 29 0 17, 12 14 24 0 10, 18 5 27 0 13, 13 4 44 0 17, 14 1 17 0 8, 15 4 6 0 2, 16 9 5 1 2, 17 13 19 1 8
2 10 13 1 6, 13 6 33 1 14, 15 8 7 0 3, 12 8 17 0 8, 5 7 11 1 5, 3 4 11 0 4, 22 11 17 1 7, 4 12 13 1 5, 1 11 44 0 19, 7 11 19 0 11, 18 10 18 0 10, 21 12 18 0 8, 16 1 5 1 2, 17 2 42 1 25
15 1 16 0 8, 7 3 44 0 17, 12 15 36 0 21, 16 4 18 0 8, 9 15 13 0 7, 4 1 13 0 7, 1 3 8 0 4, 5 9 17 0 7, 10 11 27 1 12, 6 5 46 0 22, 14 2 11 0 6, 17 3 36 0 20, 11 10 48 0 23
