15, 3, 12, 3, 3, 3, 2, 6, 6, 10, 2, 3, 12, 12, 6, 15, 3, 3, 3, 2, 12, 11, 12, 5, 3, 1, 12, 6, 3, 6, 6, 3, 1, 10, 6, 2, 6, 15, 5, 3, 3, 6, 10, 2, 1, 15, 12, 2, 2, 5, 11, 3, 15, 10, 11, 12, 12, 5, 11, 12, 15, 12, 6, 6, 3, 1, 2, 12, 10, 6, 10, 11, 15, 5, 15, 1, 5, 1, 2, 1, 6, 11, 10, 3, 3, 11, 15, 12, 3, 10, 12, 15, 11, 1, 2, 10, 15, 6, 6, 5, 2, 12, 11, 15, 6, 12, 3
1 9 13 1 6, 2 15 18 0 7, 3 15 43 0 20, 5 13 30 0 17, 4 12 43 0 19, 6 12 25 0 13, 7 11 39 0 21, 8 8 47 1 27
2 8 6 1 2, 13 7 39 0 22, 7 6 25 0 11, 14 10 37 1 20, 3 4 40 1 21, 8 10 41 0 20, 1 5 10 0 5, 5 1 33 1 13, 4 9 10 1 5, 12 4 25 1 10, 6 1 42 1 22
7 5 39 1 17, 14 2 11 1 5, 1 4 29 0 15, 8 1 6 0 2, 15 1 10 1 4, 5 2 19 0 9, 16 10 49 0 27, 3 1 11 1 5, 9 5 30 0 14, 2 2 35 0 19, 19 3 20 0 9, 10 3 39 0 19, 18 7 29 0 13, 17 10 20 0 8, 11 2 29 1 13, 6 13 5 0 2, 13 15 35 0 19, 4 7 13 0 6, 12 12 16 0 8
1 4 29 1 16, 14 12 13 0 7, 15 5 24 0 12, 16 13 14 0 7, 17 14 29 0 13, 17 3 21 0 9, 18 3 39 1 20
1 11 36 0 21, 16 5 31 1 18, 10 8 14 0 6, 2 6 19 0 10, 7 9 17 0 7, 4 5 17 1 9, 6 2 24 1 11, 5 6 33 0 15, 19 12 15 1 8, 3 5 14 0 7, 15 2 14 1 7, 9 11 15 0 7, 17 12 44 1 17, 18 10 26 0 12, 20 11 25 0 11, 14 7 10 0 5
4 13 20 1 9, 3 13 24 1 12, 10 3 48 0 21, 5 7 35 0 14, 1 1 34 1 16, 6 5 10 0 4, 9 9 19 1 11, 2 15 20 0 11, 11 14 17 0 10
6 2 28 1 14, 8 2 6 0 3, 2 8 40 0 21, 3 11 9 0 4, 7 15 46 0 21, 4 14 25 1 10, 5 3 33 0 19, 1 6 30 0 17, 9 9 39 1 17
4 12 41 1 24, 8 3 18 0 10, 13 2 26 1 10, 3 5 5 0 2, 7 11 15 1 6, 9 6 5 1 2, 1 11 29 1 16, 14 1 5 1 2, 15 9 39 0 15, 6 13 45 0 26, 5 15 24 1 11, 2 8 46 0 22, 11 7 39 1 16, 18 13 19 0 8, 10 4 18 1 7, 12 10 7 0 3
1 11 18 1 9, 7 9 47 0 22, 4 7 8 0 3, 3 6 17 1 7, 12 7 45 1 19, 10 14 50 1 21, 11 8 6 1 3, 14 9 21 1 9, 13 1 9 1 5, 6 5 43 1 25, 5 2 12 0 6, 15 1 42 0 20
