12, 6, 7, 17, 4, 14, 17, 15, 18, 2, 4, 15, 7, 1, 2, 12, 8, 8, 12, 6, 10, 4, 15, 10, 12, 18, 6, 7, 17, 15, 4, 18, 12, 18, 1, 14, 6, 2, 2, 7, 6, 14, 7, 2, 15, 17, 8, 12, 2, 18, 4, 10, 8, 17, 8, 6, 8, 12, 14, 12, 6, 2, 7, 1, 6, 10, 12, 14, 4, 18, 7, 12, 18, 1, 17, 12, 10, 4, 15, 7, 2, 2, 14, 12, 4, 15, 7, 4, 1, 17, 14, 8, 1, 18, 4, 15, 6, 4, 7, 17, 6, 14, 17, 6, 2, 15, 18, 17, 12, 8, 18, 18, 2, 1, 6, 7, 10, 14, 10, 12, 17, 12, 18, 17, 10, 6, 8, 7, 1, 14, 7, 4, 12, 15, 6, 6, 10, 6, 14, 4, 2
2 15 18 0 7, 6 12 25 0 13, 4 12 43 0 19, 5 13 30 0 17, 7 11 39 0 21, 1 14 10 1 5, 3 15 43 0 20, 8 8 47 1 27
4 6 14 0 7, 1 5 10 0 5, 7 6 25 0 11, 8 10 41 0 20, 2 8 6 1 2, 11 6 38 0 18, 9 13 12 0 5, 5 1 33 1 13, 3 4 40 1 21, 10 14 24 1 11, 14 10 37 1 20, 6 1 42 1 22
1 2 18 1 8, 14 10 18 1 8, 2 8 38 1 20, 9 3 5 1 2, 7 10 20 0 10, 11 7 36 1 16, 4 5 8 1 3, 13 1 28 0 15, 10 9 33 0 15, 3 9 20 1 9, 16 7 23 1 10, 8 6 45 1 18, 12 15 29 1 11
18 10 26 0 12, 6 10 18 1 10, 16 5 31 1 18, 19 12 15 1 8, 3 5 14 0 7, 15 13 16 1 9, 4 5 17 1 9, 17 12 44 1 17, 1 11 36 0 21, 2 6 19 0 10, 10 8 14 0 6, 5 3 36 0 15, 7 9 17 0 7, 20 11 25 0 11, 9 11 15 0 7, 14 7 10 0 5
10 12 5 1 2, 20 6 18 1 9, 1 7 12 1 5, 19 2 31 1 17, 7 3 22 0 9, 9 6 24 0 14, 21 10 28 1 12, 8 10 10 0 5, 11 2 47 1 19, 14 7 22 0 8, 16 14 10 1 5, 17 7 20 0 10, 18 5 30 1 16
18 7 15 1 6, 15 13 38 0 20, 1 4 50 0 21, 13 10 44 0 25, 12 3 43 0 17, 14 14 31 0 17, 16 14 28 0 13, 17 2 39 0 16, 20 3 45 1 23
2 15 20 0 11, 5 7 35 0 14, 6 5 10 0 4, 9 9 19 1 11, 10 12 45 1 20, 3 1 22 1 9, 4 13 20 1 9, 1 4 33 1 16, 11 14 17 0 10
13 2 26 1 10, 14 1 5 1 2, 1 11 29 1 16, 15 9 39 0 15, 5 15 24 1 11, 6 2 42 1 19, 7 8 19 0 11, 3 5 5 0 2, 9 6 5 1 2, 18 13 19 0 8, 2 8 46 0 22, 4 12 41 1 24, 8 3 18 0 10, 10 4 18 1 7, 11 7 39 1 16, 12 10 7 0 3
5 4 9 1 4, 6 13 33 0 13, 2 1 10 1 5, 9 12 10 1 4, 11 4 42 1 20, 10 15 25 0 12, 3 4 8 1 4, 1 9 43 0 19, 8 2 9 1 4, 12 14 29 0 15, 13 6 9 1 3
13 1 9 1 5, 2 13 43 1 23, 10 14 50 1 21, 1 11 18 1 9, 7 9 47 0 22, 14 9 21 1 9, 11 8 6 1 3, 12 7 45 1 19, 6 5 43 1 25, 15 1 42 0 20
21 3 15 1 6, 11 1 24 0 10, 9 2 29 0 16, 13 6 33 1 14, 10 15 13 0 5, 1 11 44 0 19, 12 8 17 0 8, 14 3 12 1 6, 18 2 15 0 7, 22 14 20 0 10, 8 9 17 1 7, 17 2 42 1 25
12 5 31 1 13, 13 9 26 0 14, 1 3 8 0 4, 5 9 17 0 7, 7 3 44 0 17, 6 8 47 0 22, 16 4 18 0 8, 11 10 48 0 23, 4 1 13 0 7, 9 15 13 0 7, 10 11 27 1 12, 17 10 32 1 13
