14, 8, 12, 3, 17, 9, 9, 4, 6, 8, 6, 8, 3, 6, 9, 4, 10, 12, 16, 12, 17, 3, 2, 18, 12, 9, 4, 3, 18, 12, 9, 17, 6, 16, 4, 6, 6, 12, 11, 6, 10, 2, 5, 18, 3, 3, 13, 14, 2, 2, 12, 3, 18, 4, 16, 8, 16, 9, 9, 2, 12, 14, 9, 16, 3, 3, 17, 11, 17, 6, 18, 14, 4, 17, 13, 4, 16, 13, 9, 12, 2, 18, 10, 8, 9, 3, 11, 17, 12, 5, 8, 3, 17, 11, 3, 5, 9, 2, 4, 13, 3, 2, 3, 16, 2, 5, 9, 12, 10, 16, 16, 8, 17, 17, 14, 11, 16, 14, 18, 10, 13, 12, 10, 4, 13, 9, 12, 13, 6, 5, 11, 4, 6, 6, 18, 17, 3, 16, 10, 3, 4, 18, 2, 8, 17, 12, 10, 5, 17, 18, 6, 11, 11, 9, 13, 4, 3, 18, 14, 6, 16, 5, 14, 4, 3, 16, 14, 18, 2, 11, 12, 8, 17, 6, 6, 9, 14, 6, 3, 10, 12
3 4 40 1 21, 13 7 39 0 22, 4 9 10 1 5, 5 1 33 1 13, 2 8 6 1 2, 1 5 10 0 5, 6 5 38 0 17, 7 15 30 1 17, 8 10 41 0 20, 12 4 25 1 10, 14 10 37 1 20
7 5 39 1 17, 16 15 44 0 23, 17 10 20 0 8, 4 7 13 0 6, 13 15 35 0 19, 5 2 19 0 9, 8 1 6 0 2, 18 7 29 0 13, 1 4 29 0 15, 9 5 30 0 14, 6 13 5 0 2, 19 15 31 1 13, 2 11 27 1 13, 10 4 45 0 18, 3 7 8 0 4, 15 14 16 1 8, 14 2 11 1 5, 11 2 29 1 13, 12 4 20 0 8
13 6 21 0 12, 15 12 24 0 10, 2 12 30 0 12, 1 2 18 1 8, 16 7 23 1 10, 3 9 20 1 9, 4 11 9 1 5, 7 10 20 0 10, 8 6 45 1 18, 9 3 5 1 2, 10 9 33 0 15, 11 7 36 1 16, 12 15 29 1 11
15 5 24 0 12, 17 3 21 0 9, 17 3 21 0 9, 14 8 11 0 4, 1 3 35 0 14, 16 13 14 0 7, 18 7 34 1 17
17 12 44 1 17, 1 4 33 0 15, 5 6 33 0 15, 3 5 14 0 7, 6 3 20 1 11, 18 9 30 1 12, 2 2 22 0 12, 15 14 13 1 6, 7 9 17 0 7, 19 12 15 1 8, 4 5 17 1 9, 16 8 34 0 17, 10 8 14 0 6, 9 11 15 0 7, 20 9 24 1 10, 14 7 10 0 5
17 10 34 0 19, 18 7 15 1 6, 14 13 32 0 16, 1 4 50 0 21, 12 3 43 0 17, 15 10 36 1 14, 16 14 28 0 13, 13 10 44 0 25, 20 3 45 1 23
2 7 21 1 9, 13 2 44 1 25, 19 2 9 0 4, 3 13 20 0 10, 1 12 21 1 9, 7 4 7 0 3, 14 5 43 0 19, 20 8 21 0 10, 10 14 10 1 5, 16 2 45 0 20, 15 5 14 1 7, 11 15 20 0 11, 6 6 29 1 15, 18 2 10 0 5, 12 6 41 0 19
6 5 10 0 4, 3 1 22 1 9, 1 4 33 1 16, 9 9 19 1 11, 5 4 37 0 20, 2 15 20 0 11, 4 13 20 1 9, 10 12 45 1 20, 11 14 17 0 10
8 14 7 0 3, 6 10 27 1 13, 4 14 25 1 10, 1 6 30 0 17, 2 14 36 1 18, 7 1 40 0 21, 9 13 36 0 19, 3 13 8 1 4, 5 6 29 1 12
9 6 5 1 2, 1 1 31 1 14, 10 4 18 1 7, 5 15 24 1 11, 3 11 11 1 5, 13 2 26 1 10, 4 12 41 1 24, 6 13 45 0 26, 8 3 18 0 10, 14 1 5 1 2, 15 9 39 0 15, 11 7 39 1 16, 7 11 15 1 6, 2 8 46 0 22, 18 9 22 0 10, 12 10 7 0 3
1 11 41 0 20, 17 9 16 1 8, 12 6 38 0 15, 18 2 44 0 23, 13 1 22 0 10, 14 6 13 1 6, 15 4 4 1 2, 16 14 13 1 7
1 3 46 1 19, 7 5 30 0 17, 12 14 29 0 15, 10 15 25 0 12, 13 10 7 1 4, 11 4 42 1 20, 9 12 10 1 4, 4 3 18 0 9, 5 4 9 1 4, 8 2 9 1 4
18 11 18 1 9, 20 14 15 1 7, 21 14 14 0 6, 1 11 41 1 21, 6 6 5 0 2, 7 3 7 0 3, 8 7 19 1 9, 9 10 9 0 5, 10 11 11 0 6, 11 8 30 0 14, 15 4 6 0 2, 16 9 5 1 2, 17 13 19 1 8
18 2 15 0 7, 13 6 33 1 14, 8 5 18 1 10, 9 2 29 0 16, 11 1 24 0 10, 19 1 6 1 3, 10 15 13 0 5, 15 8 7 0 3, 16 1 5 1 2, 20 9 5 1 2, 1 11 44 0 19, 17 2 42 1 25, 22 11 17 1 7, 12 4 21 0 9
9 15 13 0 7, 12 5 31 1 13, 17 10 32 1 13, 7 3 44 0 17, 1 3 8 0 4, 10 15 30 0 16, 11 13 50 1 22, 13 9 26 0 14, 16 4 18 0 8, 2 6 12 0 5, 3 2 21 0 10, 6 5 46 0 22
