11, 3, 6, 7, 3, 10, 9, 12, 4, 17, 9, 16, 7, 18, 4, 3, 7, 3, 5, 9, 12, 18, 2, 6, 14, 10, 2, 2, 6, 1, 2, 15, 16, 4, 16, 12, 14, 14, 8, 18, 11, 7, 9, 11, 12, 15, 3, 18, 8, 15, 14, 17, 17, 18, 4, 18, 14, 8, 5, 13, 2, 11, 12, 16, 4, 12, 10, 2, 9, 3, 1, 4, 5, 7, 7, 4, 2, 10, 7, 10, 12, 1, 14, 9, 3, 3, 7, 6, 16, 15, 3, 17, 18, 15, 9, 3, 13, 16, 16, 6, 6, 9, 17, 6, 6, 7, 12, 8, 15, 5, 12, 11, 4, 6, 8, 4, 3, 8, 13, 7, 3, 13, 17, 17, 9, 3, 4, 11, 3, 12, 3, 6, 18, 1, 16, 17, 15, 14, 5, 18, 15, 9, 15, 14, 11, 3, 12, 4, 2, 13, 10, 17, 16, 9, 2, 7, 2, 1, 17, 5, 10, 8, 1, 12, 18, 8, 9, 4, 6, 3, 11, 6, 18, 5, 4, 1, 14, 17, 6, 13, 12, 12, 15, 13, 7, 16, 17, 16, 12, 6, 13, 14, 8, 9, 2, 10, 16, 18, 3, 11, 15, 3, 16, 10, 6, 12, 1, 9, 6
2 11 24 0 13, 6 12 25 0 13, 4 12 43 0 19, 3 15 43 0 20, 5 13 30 0 17, 1 9 13 1 6, 7 11 39 0 21, 8 8 47 1 27
6 5 38 0 17, 4 9 10 1 5, 2 15 7 0 3, 7 6 25 0 11, 5 1 33 1 13, 1 5 10 0 5, 8 10 41 0 20, 13 7 39 0 22, 3 4 40 1 21, 12 4 25 1 10, 14 10 37 1 20
18 7 29 0 13, 13 14 33 1 19, 1 4 29 0 15, 16 15 44 0 23, 14 6 14 0 6, 5 4 22 0 10, 7 5 39 1 17, 8 1 6 0 2, 6 7 8 0 3, 15 1 10 1 4, 9 5 30 0 14, 11 2 29 1 13, 17 10 20 0 8, 12 12 16 0 8, 19 3 20 0 9, 3 14 12 0 5, 10 7 41 0 16, 2 15 33 0 17, 4 7 13 0 6
15 12 24 0 10, 16 9 25 1 11, 2 12 30 0 12, 7 10 20 0 10, 3 9 20 1 9, 1 2 18 1 8, 8 6 45 1 18, 13 6 21 0 12, 10 9 33 0 15, 4 5 8 1 3, 9 12 9 0 4, 11 7 36 1 16, 12 15 29 1 11
15 3 27 1 12, 17 3 21 0 9, 14 8 11 0 4, 17 2 27 0 15, 16 13 14 0 7, 1 3 35 0 14, 18 7 34 1 17
1 4 33 0 15, 2 6 19 0 10, 5 6 33 0 15, 4 5 17 1 9, 3 5 14 0 7, 15 14 13 1 6, 6 10 18 1 10, 10 8 14 0 6, 17 12 44 1 17, 9 4 19 1 10, 16 5 31 1 18, 7 9 17 0 7, 18 10 26 0 12, 19 5 19 1 7, 20 9 24 1 10, 14 7 10 0 5
9 6 24 0 14, 1 7 12 1 5, 10 6 8 0 4, 20 5 22 0 10, 7 3 22 0 9, 11 2 47 1 19, 13 9 18 1 7, 8 5 9 1 3, 19 2 31 1 17, 12 1 27 1 12, 21 7 33 0 17, 18 13 26 1 14
1 4 50 0 21, 17 10 34 0 19, 15 10 36 1 14, 12 3 43 0 17, 13 10 44 0 25, 14 14 31 0 17, 19 11 16 0 6, 20 3 45 1 23, 16 14 28 0 13
7 15 6 1 2, 13 2 44 1 25, 10 7 15 0 7, 16 4 42 1 24, 14 15 42 0 23, 17 15 20 1 10, 15 14 18 0 7, 3 10 25 0 14, 2 7 21 1 9, 1 12 21 1 9, 11 15 20 0 11, 6 2 33 0 13, 12 6 41 0 19, 20 4 18 0 8
3 13 24 1 12, 6 5 10 0 4, 4 10 22 0 10, 5 7 35 0 14, 1 4 33 1 16, 9 9 19 1 11, 10 3 48 0 21, 11 14 17 0 10, 2 6 27 1 14
6 10 27 1 13, 7 1 40 0 21, 8 2 6 0 3, 1 6 30 0 17, 2 14 36 1 18, 3 12 12 0 5, 9 9 39 1 17, 4 5 21 1 10, 5 3 33 0 19
13 2 26 1 10, 2 15 44 1 18, 8 12 20 1 10, 18 5 21 0 8, 7 11 15 1 6, 4 12 41 1 24, 14 13 9 1 3, 11 7 39 1 16, 3 11 11 1 5, 1 11 29 1 16, 5 15 24 1 11, 9 6 5 1 2, 6 13 45 0 26, 15 9 39 0 15, 10 4 18 1 7, 12 10 7 0 3
17 8 15 0 7, 1 11 41 0 20, 15 4 4 1 2, 13 10 16 1 7, 12 13 41 0 20, 18 2 44 0 23, 14 6 13 1 6, 16 14 13 1 7
12 14 29 0 15, 13 10 7 1 4, 1 9 43 0 19, 9 12 10 1 4, 11 14 43 1 25, 7 5 30 0 17, 10 15 25 0 12, 4 3 18 0 9, 5 4 9 1 4, 8 3 8 1 4
2 13 43 1 23, 12 7 45 1 19, 7 9 47 0 22, 11 13 7 0 3, 13 6 11 1 5, 9 8 22 1 10, 8 8 28 0 11, 14 6 24 1 12, 15 12 47 1 22, 1 11 18 1 9, 6 5 43 1 25
1 11 41 1 21, 6 6 5 0 2, 18 11 18 1 9, 20 8 20 0 9, 21 14 14 0 6, 7 5 5 1 2, 8 9 18 0 9, 9 4 18 1 9, 10 11 11 0 6, 11 8 30 0 14, 15 4 6 0 2, 16 9 5 1 2, 17 13 19 1 8
12 8 17 0 8, 6 13 46 1 19, 13 6 33 1 14, 22 11 17 1 7, 1 11 44 0 19, 21 3 15 1 6, 15 8 7 0 3, 16 8 8 1 4, 2 10 13 1 6, 7 11 19 0 11, 18 2 15 0 7, 17 2 42 1 25
1 3 8 0 4, 12 5 31 1 13, 17 10 32 1 13, 13 9 26 0 14, 7 3 44 0 17, 2 6 12 0 5, 10 11 27 1 12, 9 15 13 0 7, 16 4 18 0 8, 3 2 21 0 10, 11 10 48 0 23, 6 8 47 0 22
