3, 6, 1, 4, 3, 15, 2, 12, 4, 15, 3, 12, 12, 10, 12, 3, 13, 6, 12, 6, 12, 4, 2, 2, 1, 1, 6, 2, 3, 12, 10, 14, 14, 3, 4, 2, 12, 1, 3, 11, 15, 12, 6, 11, 4, 10, 15, 1, 4, 14, 6, 3, 15, 2, 15, 1, 4, 6, 3, 6, 5, 15, 11, 4, 2, 14, 3, 13, 15, 5, 12, 3, 6, 10, 4, 3, 15, 14, 13, 12, 6, 2, 11, 11, 11, 2, 1, 10, 4, 5, 15, 3, 5, 6, 3, 3, 15, 12, 2, 13, 14, 6, 14, 11, 3, 15, 2, 10, 5, 3, 6, 5, 12, 10, 14, 4, 13, 6, 11, 4, 12, 5, 10, 13, 12, 14, 10, 1, 14, 3, 13, 6, 2, 12, 13, 3, 4, 5, 11, 6, 15
1 14 10 1 5, 2 15 18 0 7, 3 15 43 0 20, 5 13 30 0 17, 4 12 43 0 19, 6 12 25 0 13, 7 1 40 1 22, 8 8 47 1 27
2 8 6 1 2, 5 1 33 1 13, 7 6 25 0 11, 1 5 10 0 5, 4 6 14 0 7, 3 4 40 1 21, 6 5 38 0 17, 8 15 44 1 18, 9 2 10 0 5, 10 14 24 1 11, 11 6 38 0 18, 14 10 37 1 20
1 11 34 0 17, 7 5 39 1 17, 8 1 6 0 2, 2 11 27 1 13, 17 10 20 0 8, 16 15 44 0 23, 13 15 35 0 19, 3 7 8 0 4, 5 4 22 0 10, 18 7 29 0 13, 4 7 13 0 6, 6 13 5 0 2, 9 5 30 0 14, 19 8 29 1 14, 14 2 11 1 5, 10 7 41 0 16, 15 13 17 0 8, 11 2 29 1 13, 12 12 16 0 8
13 6 21 0 12, 15 12 24 0 10, 16 9 25 1 11, 1 2 18 1 8, 2 12 30 0 12, 3 9 20 1 9, 4 5 8 1 3, 7 10 20 0 10, 8 6 45 1 18, 9 3 5 1 2, 10 9 33 0 15, 11 11 41 1 16, 12 15 29 1 11
1 4 29 1 16, 17 4 28 0 13, 17 7 30 1 14, 14 2 14 1 7, 17 3 21 0 9, 15 3 27 1 12, 16 13 14 0 7, 18 3 39 1 20
3 5 14 0 7, 15 14 13 1 6, 16 5 31 1 18, 17 12 44 1 17, 19 12 15 1 8, 18 10 26 0 12, 2 6 19 0 10, 5 6 33 0 15, 10 10 19 0 7, 1 3 38 0 21, 4 5 17 1 9, 6 10 18 1 10, 9 4 19 1 10, 7 9 17 0 7, 20 9 24 1 10, 14 7 10 0 5
3 1 22 1 9, 1 3 40 1 23, 4 13 20 1 9, 2 6 27 1 14, 5 7 35 0 14, 6 5 10 0 4, 9 3 24 1 12, 10 12 45 1 20, 11 14 17 0 10
6 10 27 1 13, 9 13 36 0 19, 2 14 36 1 18, 8 2 6 0 3, 7 1 40 0 21, 3 11 9 0 4, 4 5 21 1 10, 1 6 30 0 17, 5 6 29 1 12
8 3 18 0 10, 11 7 39 1 16, 9 6 5 1 2, 10 4 18 1 7, 12 10 7 0 3, 1 1 31 1 14, 13 3 22 1 9, 6 13 45 0 26, 2 8 46 0 22, 14 1 5 1 2, 4 12 41 1 24, 15 9 39 0 15, 5 15 24 1 11, 18 13 19 0 8, 3 5 5 0 2, 7 8 19 0 11
1 3 46 1 22, 12 4 44 0 19, 14 6 13 1 6, 17 9 16 1 8, 18 2 44 0 23, 13 10 16 1 7, 15 3 6 0 3, 16 14 13 1 7
9 12 10 1 4, 10 15 25 0 12, 1 9 43 0 19, 4 3 18 0 9, 11 4 42 1 20, 5 4 9 1 4, 6 4 27 1 14, 13 10 7 1 4, 12 14 29 0 15, 8 3 8 1 4
7 9 47 0 22, 9 2 18 1 9, 11 8 6 1 3, 3 6 17 1 7, 12 7 45 1 19, 4 7 8 0 3, 1 11 18 1 9, 14 9 21 1 9, 5 2 12 0 6, 8 8 28 0 11, 15 1 42 0 20, 13 1 9 1 5, 6 4 48 0 26
