12, 12, 6, 9, 2, 6, 3, 3, 18, 15, 2, 15, 12, 11, 6, 12, 3, 15, 15, 3, 9, 18, 9, 12, 3, 6, 3, 18, 17, 18, 11, 18, 9, 17, 6, 9, 9, 6, 11, 3, 2, 17, 3, 2, 3, 18, 6, 9, 6, 3, 17, 2, 6, 11, 9, 15, 3, 11, 9, 2, 12, 12, 15, 2, 18, 17, 17, 3, 3, 15, 12, 2, 12, 18, 17, 9, 17, 3, 12, 12, 3, 18, 6, 11, 12, 6, 17, 9, 18, 15, 15, 11, 6, 9, 2, 12, 3, 3, 6, 15, 17, 11, 2, 3, 18, 2, 9, 6, 12, 6, 11, 17, 9, 17, 17, 3, 9, 18, 12, 12, 6
3 4 40 1 21, 12 4 25 1 10, 1 5 10 0 5, 8 10 41 0 20, 6 5 38 0 17, 13 7 39 0 22, 4 7 20 0 11, 7 6 25 0 11, 5 1 33 1 13, 2 8 6 1 2, 14 10 37 1 20
16 15 44 0 23, 7 5 39 1 17, 9 5 30 0 14, 13 15 35 0 19, 17 12 33 0 18, 15 1 10 1 4, 6 13 5 0 2, 11 9 33 0 13, 14 2 11 1 5, 1 4 29 0 15, 3 7 8 0 4, 2 11 27 1 13, 18 9 40 0 22, 8 1 6 0 2, 19 3 20 0 9, 10 3 39 0 19, 4 7 13 0 6, 5 2 19 0 9, 12 12 16 0 8
16 8 34 0 17, 17 1 47 1 26, 15 14 13 1 6, 19 12 15 1 8, 3 5 14 0 7, 20 9 24 1 10, 5 6 33 0 15, 2 2 22 0 12, 18 10 26 0 12, 4 5 17 1 9, 1 3 38 0 21, 10 15 17 0 8, 6 10 18 1 10, 9 11 15 0 7, 7 9 17 0 7, 14 7 10 0 5
1 12 21 1 9, 13 2 44 1 25, 19 2 9 0 4, 16 4 42 1 24, 2 7 21 1 9, 3 10 25 0 14, 7 13 5 0 2, 14 15 42 0 23, 18 2 10 0 5, 15 14 18 0 7, 6 6 29 1 15, 11 15 20 0 11, 10 14 10 1 5, 20 8 21 0 10, 12 6 41 0 19
2 14 36 1 18, 1 6 30 0 17, 3 13 8 1 4, 6 10 27 1 13, 4 5 21 1 10, 8 2 6 0 3, 9 13 36 0 19, 5 4 31 1 13, 7 14 42 1 23
1 1 31 1 14, 9 6 5 1 2, 5 15 24 1 11, 2 8 46 0 22, 6 2 42 1 19, 4 12 41 1 24, 8 3 18 0 10, 13 3 22 1 9, 3 5 5 0 2, 10 4 18 1 7, 14 13 9 1 3, 11 7 39 1 16, 15 9 39 0 15, 7 11 15 1 6, 18 13 19 0 8, 12 10 7 0 3
14 6 24 1 12, 7 9 47 0 22, 12 7 45 1 19, 15 1 42 0 20, 13 1 9 1 5, 1 11 18 1 9, 10 14 50 1 21, 2 12 41 0 17, 11 8 6 1 3, 6 5 43 1 25
18 2 15 0 7, 21 12 18 0 8, 22 11 17 1 7, 1 11 44 0 19, 13 6 33 1 14, 15 8 7 0 3, 8 9 17 1 7, 16 1 5 1 2, 9 2 29 0 16, 17 2 42 1 25, 10 13 16 0 7, 11 1 24 0 10, 12 8 17 0 8
7 3 44 0 17, 17 10 32 1 13, 4 1 13 0 7, 13 9 26 0 14, 1 3 8 0 4, 10 3 28 0 12, 11 10 48 0 23, 16 4 18 0 8, 12 15 36 0 21, 9 8 16 1 7, 5 9 17 0 7, 6 5 46 0 22
