6, 7, 4, 6, 15, 2, 8, 17, 1, 12, 8, 15, 12, 18, 4, 10, 10, 18, 7, 1, 4, 14, 12, 6, 1, 6, 17, 4, 15, 15, 2, 2, 2, 4, 7, 7, 1, 2, 18, 14, 6, 17, 14, 10, 12, 6, 7, 8, 2, 8, 17, 17, 6, 18, 12, 18, 4, 15, 12, 2, 1, 8, 12, 15, 8, 14, 12, 17, 6, 18, 4, 6, 18, 15, 2, 10, 7, 1, 6, 17, 12, 4, 7, 14, 1, 18, 10, 17, 15, 2, 4, 17, 14, 4, 12, 7, 7, 2, 15, 10, 8, 6, 15, 8, 14, 12, 6, 12, 7, 6, 4, 8, 6, 18, 17, 14, 12, 18, 17, 10, 12, 4, 1, 18, 7, 18, 7, 14, 17, 6, 12, 8, 14, 4, 17, 2, 15, 8, 12, 15, 10, 6, 18, 10
2 15 18 0 8, 4 12 43 1 22, 1 9 13 0 7, 5 13 30 1 14, 7 11 39 1 21, 3 15 43 0 19, 6 12 25 0 11, 8 8 47 1 21
1 5 10 0 4, 5 1 33 1 13, 12 4 25 1 11, 2 9 8 1 3, 3 4 40 1 18, 13 7 39 0 23, 4 9 10 0 4, 6 5 38 0 17, 7 6 25 0 10, 8 15 44 1 24, 14 10 37 1 21
4 5 8 1 3, 1 2 18 1 10, 13 6 21 0 10, 7 10 20 1 9, 14 10 18 1 8, 2 12 30 0 13, 3 9 20 1 9, 8 6 45 1 22, 16 9 25 1 10, 9 12 9 1 3, 10 9 33 1 19, 11 7 36 0 18, 12 15 29 0 14
15 14 13 1 5, 18 10 26 1 11, 9 11 15 0 7, 3 5 14 1 6, 4 8 20 0 8, 2 6 19 1 10, 5 6 33 1 16, 19 12 15 0 6, 17 1 47 0 19, 16 5 31 1 13, 1 4 33 0 16, 10 8 14 0 5, 6 10 18 0 8, 14 7 10 1 4, 7 3 21 1 8, 20 9 24 1 11
21 10 28 0 15, 7 3 22 1 12, 10 6 8 1 3, 20 11 23 1 11, 8 5 9 1 4, 1 7 12 1 5, 19 2 31 0 13, 9 2 28 1 14, 11 2 47 1 23, 12 1 27 1 15, 13 9 18 1 7, 18 13 26 0 10
1 4 50 1 29, 2 15 21 1 11, 3 12 35 1 20, 17 10 34 1 17, 6 13 33 0 17, 19 11 16 1 7, 20 3 45 0 23, 7 3 35 0 20, 8 6 16 1 9, 9 9 24 1 10, 11 5 16 1 7
3 1 22 0 12, 4 13 20 1 11, 9 9 19 1 8, 5 7 35 1 18, 6 5 10 1 4, 10 12 45 1 21, 1 4 33 1 17, 2 15 20 0 10, 11 14 17 0 7
8 3 18 1 10, 15 9 39 1 21, 14 13 9 1 4, 13 3 22 1 12, 18 13 19 1 8, 2 15 44 0 23, 6 2 42 1 22, 10 4 18 0 9, 1 11 29 1 15, 5 15 24 0 13, 11 7 39 0 19, 3 5 5 1 2, 9 6 5 1 2, 12 10 7 0 3, 4 12 41 1 21, 7 11 15 1 6
5 4 9 1 4, 9 5 18 0 9, 1 9 43 1 17, 10 15 25 0 12, 6 13 33 1 16, 12 14 29 1 16, 13 6 9 1 5, 4 6 25 1 13, 11 14 43 0 17, 8 3 8 0 4
5 2 12 1 6, 11 8 6 0 3, 1 1 20 0 10, 12 7 45 1 19, 13 1 9 1 5, 10 14 50 1 22, 7 9 47 0 25, 15 1 42 1 20, 4 7 8 0 3, 14 3 22 1 11, 3 6 17 1 7, 6 5 43 1 21
13 6 33 1 13, 22 11 17 0 7, 19 1 6 1 3, 1 11 44 1 25, 2 10 13 0 6, 20 9 5 1 2, 15 8 7 1 3, 7 11 19 0 8, 16 1 5 0 2, 18 10 18 1 9, 6 13 46 1 25, 17 2 42 1 19, 12 8 17 1 8
12 5 31 1 18, 1 3 8 1 4, 2 6 12 0 6, 3 2 21 0 11, 14 2 11 0 5, 15 1 16 1 7, 7 3 44 1 24, 11 10 48 1 25, 6 5 46 0 20, 16 4 18 1 8, 8 6 14 0 6, 10 11 27 1 14, 17 10 32 1 13
