18, 12, 6, 3, 11, 15, 6, 18, 6, 9, 3, 14, 17, 15, 2, 15, 3, 3, 3, 9, 18, 5, 3, 2, 12, 9, 18, 12, 8, 9, 6, 14, 12, 6, 3, 17, 11, 15, 3, 18, 2, 3, 11, 12, 12, 15, 18, 8, 9, 17, 8, 6, 8, 12, 9, 18, 9, 17, 12, 6, 11, 3, 12, 15, 9, 6, 9, 14, 11, 6, 9, 17, 17, 2, 2, 6, 15, 5, 2, 3, 18, 9, 17, 3, 11, 8, 12, 14, 8, 15, 9, 2, 11, 2, 12, 5, 15, 5, 6, 3, 3, 5, 8, 6, 12, 14, 14, 8, 12, 2, 17, 9, 18, 17, 11, 18, 14, 3, 5, 14, 15, 17, 6, 17, 3, 14, 17, 8, 8, 3, 2, 18, 18, 14, 15, 6, 9, 3, 12, 11, 12, 8, 9, 5, 15, 6, 14, 17, 12, 18, 15, 3, 2, 17, 6
14 10 37 1 21, 4 9 10 0 4, 13 7 39 0 23, 7 6 25 0 10, 8 10 41 1 16, 5 11 43 1 22, 1 8 16 1 9, 2 8 6 1 2, 12 8 26 1 13, 3 4 40 1 18, 6 5 38 0 17
16 15 44 1 18, 7 5 39 0 15, 9 5 30 0 16, 8 1 6 1 2, 10 3 39 0 22, 11 2 29 0 11, 18 7 29 0 16, 1 4 29 1 13, 17 10 20 1 8, 6 13 5 1 2, 2 11 27 1 11, 5 2 19 1 7, 3 7 8 1 3, 4 7 13 1 7, 14 7 15 0 6, 13 14 33 1 19, 15 13 17 0 9, 19 14 34 1 14, 12 12 16 0 8
15 5 24 1 11, 17 3 21 1 10, 17 3 21 1 10, 14 8 11 1 5, 1 4 29 1 16, 16 13 14 1 8, 18 7 34 1 15
4 8 20 0 8, 17 12 44 1 19, 1 4 33 0 16, 18 10 26 1 11, 8 8 38 1 16, 19 12 15 0 6, 5 6 33 1 16, 15 2 14 1 8, 6 10 18 0 8, 16 5 31 1 13, 2 6 19 1 10, 3 5 14 1 6, 7 3 21 1 8, 9 4 19 1 9, 14 7 10 1 4, 20 9 24 1 11
1 4 50 1 29, 17 10 34 1 17, 18 5 18 1 9, 2 15 21 1 11, 3 12 35 1 20, 9 9 24 1 10, 6 13 33 0 17, 7 1 38 0 21, 8 6 16 1 9, 20 3 45 0 23, 11 1 15 1 7
13 2 44 1 21, 15 5 14 1 6, 1 12 21 1 9, 14 14 44 1 22, 2 7 21 0 11, 20 4 18 1 7, 10 7 15 1 7, 4 3 13 1 6, 5 6 5 1 2, 16 4 42 1 21, 7 11 9 1 4, 17 15 20 0 9, 11 15 20 1 9, 6 6 29 1 13, 12 6 41 0 24
1 6 30 0 16, 7 1 40 1 20, 9 9 39 1 22, 4 6 23 1 9, 6 2 28 1 15, 2 14 36 1 19, 8 2 6 1 2, 3 13 8 0 4, 5 6 29 0 15
11 7 39 0 19, 2 15 44 0 23, 18 13 19 1 8, 15 9 39 1 21, 3 5 5 1 2, 9 6 5 1 2, 13 3 22 1 12, 8 3 18 1 10, 10 4 18 0 9, 12 10 7 0 3, 14 1 5 1 2, 4 12 41 1 21, 1 11 29 1 15, 5 15 24 0 13, 6 2 42 1 22, 7 11 15 1 6
2 7 11 0 4, 11 15 47 0 24, 5 4 9 1 4, 9 12 10 1 4, 13 10 7 1 3, 12 14 29 1 16, 3 8 10 0 4, 7 9 29 0 12, 1 3 46 1 24, 10 9 28 0 16, 8 3 8 0 4
7 9 47 0 25, 14 9 21 1 10, 8 8 28 0 16, 9 2 18 1 10, 13 5 10 0 4, 15 1 42 1 20, 5 2 12 1 6, 1 11 18 1 10, 3 6 17 1 7, 11 8 6 0 3, 12 7 45 1 19, 4 7 8 0 3, 6 5 43 1 21
1 11 44 1 25, 13 6 33 1 13, 16 1 5 0 2, 15 8 7 1 3, 18 2 15 0 6, 19 1 6 1 3, 17 2 42 1 19, 11 1 24 0 10, 10 15 13 0 7, 8 5 18 0 10, 20 10 10 1 5, 9 12 30 0 15, 22 11 17 0 7, 12 8 17 1 8
7 3 44 1 24, 8 13 10 1 4, 3 2 21 0 11, 10 11 27 1 14, 12 5 31 1 18, 2 6 12 0 6, 6 5 46 0 20, 1 3 8 1 4, 16 4 18 1 8, 11 10 48 1 25, 14 2 11 0 5, 15 1 16 1 7, 17 10 32 1 13
