18, 7, 12, 8, 12, 18, 7, 4, 12, 4, 7, 12, 2, 8, 15, 2, 18, 4, 17, 4, 15, 15, 4, 2, 17, 12, 18, 17, 1, 2, 18, 17, 7, 12, 7, 1, 12, 2, 12, 7, 8, 4, 1, 2, 18, 12, 17, 18, 7, 8, 15, 1, 15, 7, 17, 12, 15, 17, 4, 18, 18, 4, 18, 2, 8, 12, 7, 2, 15, 4, 8, 12, 15, 17, 1, 2, 1, 4, 4, 1, 15, 17, 18, 8, 17, 4, 12, 18, 15, 7, 4, 8, 17, 15, 1, 17, 8, 7, 12, 2, 12, 15, 2, 12, 7, 17
3 15 43 0 19, 5 13 30 1 14, 1 9 13 0 7, 2 15 18 0 8, 4 12 43 1 22, 6 12 25 0 11, 7 11 39 1 21, 8 8 47 1 21
7 11 33 0 13, 3 4 40 1 18, 2 8 6 1 2, 13 7 39 0 23, 5 1 33 1 13, 4 9 10 0 4, 8 10 41 1 16, 1 5 10 0 4, 6 5 38 0 17, 12 4 25 1 11, 14 12 40 0 18
13 6 21 0 10, 1 2 18 1 10, 16 7 23 1 12, 2 12 30 0 13, 15 12 24 1 9, 3 9 20 1 9, 4 5 8 1 3, 7 10 20 1 9, 8 6 45 1 22, 9 3 5 1 2, 10 9 33 1 19, 11 7 36 0 18, 12 15 29 0 14
1 8 17 1 6, 7 3 22 1 12, 10 12 5 1 2, 20 6 18 1 10, 19 2 31 0 13, 8 5 9 1 4, 9 6 24 1 13, 21 1 32 0 16, 11 2 47 1 23, 12 8 30 0 14, 13 14 20 1 10, 18 4 29 1 15
13 10 44 1 22, 17 10 34 1 17, 15 13 38 1 22, 1 4 50 1 29, 18 5 18 1 9, 14 14 31 1 17, 16 14 28 0 13, 12 3 43 1 25, 20 3 45 0 23
4 12 41 1 21, 8 3 18 1 10, 14 1 5 1 2, 7 11 15 1 6, 3 5 5 1 2, 9 6 5 1 2, 2 8 46 1 22, 13 2 26 0 14, 1 11 29 1 15, 15 9 39 1 21, 6 13 45 0 19, 5 15 24 0 13, 18 5 21 0 10, 10 4 18 0 9, 11 7 39 0 19, 12 10 7 0 3
7 9 47 0 25, 13 1 9 1 5, 3 6 17 1 7, 14 9 21 1 10, 10 14 50 1 22, 12 7 45 1 19, 15 12 47 1 26, 4 7 8 0 3, 11 8 6 0 3, 1 1 20 0 10, 5 2 12 1 6, 6 5 43 1 21
7 11 19 0 8, 15 8 7 1 3, 18 10 18 1 9, 1 10 46 1 22, 2 10 13 0 6, 20 9 5 1 2, 6 13 46 1 25, 12 8 17 1 8, 13 6 33 1 13, 19 6 7 0 2, 16 1 5 0 2, 22 6 19 1 8, 17 2 42 1 19
12 13 32 1 15, 5 9 17 1 8, 1 8 13 0 6, 7 3 44 1 24, 4 1 13 1 5, 13 9 26 0 14, 9 15 13 1 6, 6 5 46 0 20, 16 4 18 1 8, 10 11 27 1 14, 11 10 48 1 25, 17 10 32 1 13
