18, 4, 8, 7, 14, 9, 6, 17, 16, 13, 7, 18, 16, 6, 17, 15, 18, 4, 4, 8, 18, 5, 6, 9, 6, 4, 7, 16, 13, 7, 15, 17, 16, 9, 14, 4, 6, 8, 15, 13, 9, 7, 14, 15, 15, 18, 16, 18, 14, 8, 18, 16, 18, 6, 5, 15, 4, 5, 13, 7, 8, 17, 14, 9, 9, 9, 16, 16, 17, 5, 4, 6, 8, 7, 6, 9, 6, 15, 15, 18, 9, 4, 5, 14, 6, 18, 9, 9, 8, 6, 13, 17, 7, 14, 13, 16, 8, 7, 6, 4, 18, 5, 17, 7, 14, 5, 4, 15, 7, 16, 17, 17, 18, 9, 6, 16, 4, 8, 16, 7, 17, 13, 14, 9, 6, 7, 15, 6, 8, 16, 5, 13, 9, 4, 17, 18, 14, 8, 17, 4, 14, 6
15 12 24 1 9, 2 12 30 0 13, 3 9 20 1 9, 10 9 33 1 19, 13 2 22 1 9, 1 2 18 1 10, 16 7 23 1 12, 11 7 36 0 18, 8 6 45 1 22, 4 5 8 1 3, 7 10 20 1 9, 9 3 5 1 2, 12 14 31 1 17
15 5 24 1 11, 17 14 29 0 16, 1 4 29 1 16, 17 3 21 1 10, 14 12 13 1 6, 16 13 14 1 8, 17 14 29 0 16, 18 14 35 1 14
5 6 33 1 16, 2 3 21 1 9, 3 5 14 1 6, 16 5 31 1 13, 4 5 17 1 6, 15 2 14 1 8, 17 12 44 1 19, 18 10 26 1 11, 6 3 20 1 10, 7 9 17 1 8, 19 12 15 0 6, 9 11 15 0 7, 1 4 33 0 16, 10 8 14 0 5, 14 7 10 1 4, 20 9 24 1 11
7 3 22 1 12, 21 10 28 0 15, 10 12 5 1 2, 20 6 18 1 10, 9 6 24 1 13, 11 2 47 1 23, 14 11 20 1 11, 15 8 11 1 4, 1 8 17 1 6, 8 5 9 1 4, 17 7 20 1 9, 19 2 31 0 13, 18 13 26 0 10
1 4 50 1 29, 17 10 34 1 17, 6 13 33 0 17, 18 7 15 0 6, 2 8 23 1 10, 20 3 45 0 23, 3 12 35 1 20, 7 3 35 0 20, 8 15 17 1 8, 9 9 24 1 10, 11 8 17 0 9
13 2 44 1 21, 17 15 20 0 9, 16 13 46 0 21, 1 13 28 1 16, 2 7 21 0 11, 14 15 42 0 19, 3 13 20 1 11, 20 4 18 1 7, 7 13 5 0 2, 11 15 20 1 9, 10 7 15 1 7, 6 6 29 1 13, 15 5 14 1 6, 12 6 41 0 24
12 6 38 1 19, 1 11 41 1 19, 15 4 4 1 1, 13 10 16 0 7, 14 4 18 1 9, 17 11 19 0 8, 16 14 13 1 6, 18 15 50 0 27
1 9 43 1 17, 10 15 25 0 12, 12 14 29 1 16, 11 4 42 1 24, 2 1 10 1 5, 9 5 18 0 9, 13 10 7 1 3, 3 8 10 0 4, 5 4 9 1 4, 6 4 27 0 14, 8 2 9 1 5
10 14 50 1 22, 2 12 41 1 18, 12 7 45 1 19, 11 8 6 0 3, 14 9 21 1 10, 13 1 9 1 5, 6 5 43 1 21, 7 9 47 0 25, 1 11 18 1 10, 15 1 42 1 20
11 8 30 0 12, 1 11 41 0 17, 20 14 15 1 6, 6 6 5 1 2, 18 11 18 0 10, 21 14 14 1 7, 10 11 11 1 6, 7 5 5 1 2, 8 5 16 0 7, 15 4 6 1 3, 9 10 9 1 4, 16 9 5 1 2, 17 13 19 0 11
1 11 44 1 25, 21 3 15 0 7, 13 6 33 1 13, 7 11 19 0 8, 18 2 15 0 6, 15 8 7 1 3, 17 2 42 1 19, 16 8 8 0 3, 2 10 13 0 6, 6 13 46 1 25, 22 11 17 0 7, 12 8 17 1 8
14 2 11 0 5, 12 13 32 1 15, 7 3 44 1 24, 15 1 16 1 7, 9 15 13 1 6, 1 3 8 1 4, 11 10 48 1 25, 5 9 17 1 8, 10 11 27 1 14, 4 1 13 1 5, 16 15 19 1 9, 17 14 35 1 17, 6 5 46 0 20
