9, 12, 17, 3, 11, 12, 3, 15, 3, 9, 18, 18, 6, 18, 2, 3, 12, 15, 17, 2, 6, 15, 11, 3, 3, 9, 3, 18, 3, 6, 9, 12, 3, 2, 11, 11, 9, 6, 12, 9, 9, 18, 6, 6, 6, 17, 6, 15, 2, 15, 2, 12, 18, 9, 12, 17, 9, 6, 3, 17, 3, 11, 15, 6, 12, 9, 12, 17, 2, 2, 18, 18, 18, 3, 9, 11, 17, 3, 6, 12, 3, 15, 17, 11, 12, 3, 3, 2, 15, 12, 9, 15, 18, 3, 11, 9, 12, 17, 12, 6, 17, 12, 17, 6, 6, 6, 3, 12, 15, 18, 17, 9, 2, 9, 17, 11, 6, 18, 3, 2, 2
6 5 38 0 17, 8 10 41 1 16, 5 1 33 1 13, 2 8 6 1 2, 1 8 16 1 9, 12 4 25 1 11, 3 4 40 1 18, 13 7 39 0 23, 7 6 25 0 10, 4 9 10 0 4, 14 10 37 1 21
16 15 44 1 18, 7 5 39 0 15, 13 14 33 1 19, 17 10 20 1 8, 1 7 36 0 19, 14 2 11 1 5, 11 2 29 0 11, 18 7 29 0 16, 8 1 6 1 2, 5 2 19 1 7, 2 11 27 1 11, 9 5 30 0 16, 15 1 10 1 5, 10 3 39 0 22, 3 7 8 1 3, 19 3 20 0 8, 6 1 13 1 7, 12 4 20 0 11, 4 7 13 1 7
5 6 33 1 16, 1 4 33 0 16, 2 6 19 1 10, 15 2 14 1 8, 17 12 44 1 19, 10 8 14 0 5, 3 5 14 1 6, 9 11 15 0 7, 4 5 17 1 6, 16 5 31 1 13, 18 9 30 0 16, 6 10 18 0 8, 14 7 10 1 4, 19 12 15 0 6, 7 9 17 1 8, 20 11 25 1 11
2 7 21 0 11, 13 2 44 1 21, 7 13 5 0 2, 16 4 42 1 21, 20 4 18 1 7, 10 14 10 1 5, 17 15 20 0 9, 15 9 21 1 12, 1 13 28 1 16, 11 11 22 0 12, 4 3 13 1 6, 14 14 44 1 22, 5 6 5 1 2, 6 6 29 1 13, 12 6 41 0 24
8 2 6 1 2, 9 13 36 0 18, 1 6 30 0 16, 2 8 40 1 18, 4 8 29 0 16, 3 13 8 0 4, 6 10 27 1 15, 5 6 29 0 15, 7 14 42 1 22
1 11 29 1 15, 4 12 41 1 21, 6 13 45 0 19, 13 3 22 1 12, 14 1 5 1 2, 8 12 20 1 10, 2 15 44 0 23, 5 15 24 0 13, 9 14 7 1 3, 3 5 5 1 2, 7 8 19 1 8, 18 13 19 1 8, 15 9 39 1 21, 10 4 18 0 9, 11 7 39 0 19, 12 6 13 1 7
10 14 50 1 22, 12 7 45 1 19, 13 6 11 0 5, 14 9 21 1 10, 15 1 42 1 20, 2 12 41 1 18, 7 9 47 0 25, 1 11 18 1 10, 11 8 6 0 3, 6 5 43 1 21
21 12 18 0 10, 8 9 17 1 8, 1 11 44 1 25, 10 15 13 0 7, 13 6 33 1 13, 9 12 30 0 15, 11 1 24 0 10, 18 2 15 0 6, 15 5 8 1 3, 22 11 17 0 7, 12 8 17 1 8, 16 1 5 0 2, 17 2 42 1 19
7 3 44 1 24, 1 3 8 1 4, 12 15 36 1 21, 13 9 26 0 14, 11 13 50 1 29, 2 6 12 0 6, 16 4 18 1 8, 17 10 32 1 13, 8 13 10 1 4, 3 2 21 0 11, 10 11 27 1 14, 6 5 46 0 20
