4, 8, 4, 1, 1, 4, 16, 7, 7, 10, 4, 14, 4, 13, 1, 5, 7, 14, 5, 1, 16, 7, 14, 8, 8, 13, 14, 8, 1, 4, 5, 7, 8, 8, 16, 16, 4, 16, 5, 8, 8, 4, 13, 14, 16, 7, 7, 10, 13, 7, 4, 10, 5, 5, 14, 13, 4, 1, 10, 16, 10, 13, 14, 7, 7, 14, 14, 7, 1, 16, 10, 13, 16, 10, 16, 8, 4, 4, 5, 10, 4, 14, 14, 10, 13, 7, 8, 8, 16, 1, 16, 16
1 14 10 1 4, 2 11 24 0 12, 3 15 43 0 19, 4 12 43 1 22, 5 13 30 1 14, 6 12 25 0 11, 7 5 49 1 23, 8 8 47 1 21
13 2 22 1 9, 2 12 30 0 13, 14 10 18 1 8, 16 7 23 1 12, 1 2 18 1 10, 3 9 20 1 9, 4 5 8 1 3, 7 10 20 1 9, 8 6 45 1 22, 9 12 9 1 3, 10 5 39 1 18, 11 7 36 0 18, 12 15 29 0 14
15 5 24 1 11, 14 12 13 1 6, 1 4 29 1 16, 17 3 21 1 10, 17 14 29 0 16, 16 4 20 0 10, 18 14 35 1 14
1 8 17 1 6, 19 2 31 0 13, 7 3 22 1 12, 8 5 9 1 4, 20 6 18 1 10, 9 6 24 1 13, 10 12 5 1 2, 11 2 47 1 23, 12 8 30 0 14, 21 10 28 0 15, 13 9 18 1 7, 18 13 26 0 10
17 10 34 1 17, 18 7 15 0 6, 1 4 50 1 29, 20 3 45 0 23, 2 15 21 1 11, 3 12 35 1 20, 6 13 33 0 17, 7 3 35 0 20, 8 6 16 1 9, 9 9 24 1 10, 11 8 17 0 9
1 4 33 1 17, 3 1 22 0 12, 4 13 20 1 11, 2 15 20 0 10, 5 7 35 1 18, 6 5 10 1 4, 9 9 19 1 8, 10 12 45 1 21, 11 14 17 0 7
12 6 38 1 19, 17 8 15 0 7, 1 11 41 1 19, 13 1 22 1 12, 18 2 44 1 24, 14 6 13 0 7, 15 4 4 1 1, 16 14 13 1 6
9 12 10 1 4, 12 9 35 1 19, 1 9 43 1 17, 2 1 10 1 5, 3 8 10 0 4, 5 4 9 1 4, 7 9 29 0 12, 11 4 42 1 24, 10 15 25 0 12, 8 2 9 1 5, 13 6 9 1 5
18 11 18 0 10, 1 11 41 0 17, 6 6 5 1 2, 20 14 15 1 6, 21 14 14 1 7, 7 14 10 0 4, 8 9 18 1 9, 9 10 9 1 4, 10 11 11 1 6, 11 8 30 0 12, 15 4 6 1 3, 16 9 5 1 2, 17 13 19 0 11
