4, 9, 8, 9, 7, 7, 7, 18, 18, 14, 16, 13, 16, 8, 18, 17, 4, 4, 18, 16, 4, 9, 16, 8, 18, 8, 13, 8, 18, 18, 17, 4, 9, 14, 16, 9, 7, 18, 7, 9, 7, 17, 13, 4, 9, 7, 4, 8, 17, 13, 14, 9, 4, 16, 9, 17, 18, 9, 18, 4, 7, 9, 14, 7, 8, 14, 9, 16, 8, 16, 4, 9, 13, 17, 17, 16, 16, 13, 8, 14, 17, 13, 18, 7, 4, 8, 14, 17, 17, 7, 16, 8, 17, 13, 9, 4, 18, 14, 17, 14, 8, 7, 9, 14, 16, 4, 16
1 2 18 1 10, 15 12 24 1 9, 3 9 20 1 9, 16 7 23 1 12, 4 5 8 1 3, 2 12 30 0 13, 8 6 45 1 22, 13 6 21 0 10, 7 10 20 1 9, 9 3 5 1 2, 10 9 33 1 19, 11 7 36 0 18, 12 15 29 0 14
7 3 22 1 12, 1 7 12 1 5, 9 6 24 1 13, 10 13 11 0 5, 19 1 35 0 18, 13 9 18 1 7, 8 5 9 1 4, 11 2 47 1 23, 20 5 22 0 12, 21 10 28 0 15, 12 1 27 1 15, 18 13 26 0 10
17 10 34 1 17, 18 5 18 1 9, 2 8 23 1 10, 4 4 11 1 5, 1 4 50 1 29, 3 12 35 1 20, 7 3 35 0 20, 5 2 18 1 7, 20 3 45 0 23, 8 6 16 1 9, 9 9 24 1 10, 11 1 15 1 7
20 8 21 1 9, 16 4 42 1 21, 13 2 44 1 21, 15 5 14 1 6, 1 9 27 0 12, 2 7 21 0 11, 11 9 24 0 13, 14 15 42 0 19, 17 15 20 0 9, 7 13 5 0 2, 10 14 10 1 5, 6 6 29 1 13, 4 15 15 0 8, 5 6 5 1 2, 12 6 41 0 24
1 11 41 1 19, 12 6 38 1 19, 15 4 4 1 1, 17 8 15 0 7, 13 10 16 0 7, 18 2 44 1 24, 14 14 19 1 8, 16 11 18 0 7
1 9 43 1 17, 4 3 18 0 8, 10 9 28 0 16, 13 10 7 1 3, 12 14 29 1 16, 6 3 29 1 15, 11 4 42 1 24, 9 12 10 1 4, 5 4 9 1 4, 8 3 8 0 4
20 14 15 1 6, 21 14 14 1 7, 6 6 5 1 2, 7 3 7 1 3, 8 5 16 0 7, 18 11 18 0 10, 1 11 41 0 17, 9 4 18 1 10, 10 13 20 1 11, 11 8 30 0 12, 15 5 9 0 4, 16 9 5 1 2, 17 3 20 1 9
13 6 33 1 13, 15 8 7 1 3, 1 11 44 1 25, 18 2 15 0 6, 6 13 46 1 25, 22 14 20 0 9, 7 11 19 0 8, 12 4 21 0 9, 21 3 15 0 7, 2 10 13 0 6, 16 8 8 0 3, 17 2 42 1 19
12 13 32 1 15, 1 3 8 1 4, 9 8 16 1 7, 17 10 32 1 13, 7 7 48 0 21, 10 11 27 1 14, 4 1 13 1 5, 6 5 46 0 20, 13 9 26 0 14, 5 9 17 1 8, 16 4 18 1 8, 11 10 48 1 25
