3, 3, 15, 5, 3, 12, 1, 15, 2, 10, 6, 6, 10, 2, 6, 12, 11, 15, 11, 3, 12, 3, 3, 12, 6, 10, 15, 12, 3, 3, 2, 12, 6, 2, 2, 3, 3, 12, 15, 6, 15, 11, 3, 15, 11, 12, 6, 1, 12, 10, 10, 3, 1, 5, 10, 15, 2, 6, 12, 2, 2, 11, 3, 2, 3, 6, 12, 1, 10, 1, 5, 2, 5, 6, 2, 15, 15, 6, 1, 5, 12, 6, 12, 3, 15, 3, 12, 1, 15, 11, 11, 6, 15, 6, 5, 3, 11, 12, 1, 6, 3, 5, 10, 10, 3, 11, 6, 12, 2
1 14 10 1 4, 2 15 18 0 8, 4 12 43 1 22, 5 13 30 1 14, 7 11 39 1 21, 3 15 43 0 19, 6 12 25 0 11, 8 8 47 1 21
2 8 6 1 2, 4 9 10 0 4, 6 5 38 0 17, 5 1 33 1 13, 1 14 13 0 5, 3 4 40 1 18, 7 6 25 0 10, 8 15 44 1 24, 9 2 10 0 4, 10 11 34 1 15, 11 6 38 1 16, 14 10 37 1 21
7 5 39 0 15, 16 15 44 1 18, 14 2 11 1 5, 18 7 29 0 16, 13 14 33 1 19, 17 10 20 1 8, 19 3 20 0 8, 6 13 5 1 2, 5 2 19 1 7, 3 7 8 1 3, 4 7 13 1 7, 8 1 6 1 2, 9 5 30 0 16, 10 3 39 0 22, 1 11 34 0 13, 2 8 29 0 13, 11 2 29 0 11, 15 1 10 1 5, 12 12 16 0 8
17 3 21 1 10, 17 3 21 1 10, 1 3 35 1 17, 14 10 17 1 8, 15 5 24 1 11, 16 8 19 1 8, 18 7 34 1 15
1 4 33 0 16, 2 6 19 1 10, 5 6 33 1 16, 4 8 20 0 8, 6 2 24 1 11, 7 9 17 1 8, 10 8 14 0 5, 17 1 47 0 19, 19 1 18 0 8, 16 8 34 1 18, 9 11 15 0 7, 18 13 29 1 13, 3 5 14 1 6, 15 14 13 1 5, 20 9 24 1 11, 14 7 10 1 4
4 13 20 1 11, 1 3 40 0 22, 2 6 27 1 13, 3 1 22 0 12, 5 7 35 1 18, 6 9 12 0 6, 9 9 19 1 8, 10 12 45 1 21, 11 14 17 0 7
6 10 27 1 15, 1 6 30 0 16, 8 2 6 1 2, 2 14 36 1 19, 9 13 36 0 18, 4 5 21 0 12, 7 15 46 1 25, 3 13 8 0 4, 5 6 29 0 15
1 1 31 0 15, 4 12 41 1 21, 2 15 44 0 23, 5 15 24 0 13, 13 2 26 0 14, 8 12 20 1 10, 7 11 15 1 6, 3 11 11 0 5, 15 9 39 1 21, 9 6 5 1 2, 14 13 9 1 4, 18 5 21 0 10, 6 2 42 1 22, 10 4 18 0 9, 11 7 39 0 19, 12 10 7 0 3
9 2 18 1 10, 12 7 45 1 19, 11 8 6 0 3, 1 11 18 1 10, 7 9 47 0 25, 14 9 21 1 10, 5 2 12 1 6, 3 6 17 1 7, 8 12 30 0 16, 13 5 10 0 4, 15 1 42 1 20, 4 7 8 0 3, 6 5 43 1 21
