3, 18, 3, 14, 13, 3, 2, 2, 2, 6, 7, 9, 3, 11, 18, 11, 6, 6, 3, 18, 7, 3, 5, 7, 10, 16, 2, 9, 10, 7, 13, 3, 16, 6, 7, 6, 16, 6, 6, 3, 14, 2, 9, 2, 3, 6, 3, 5, 9, 16, 7, 13, 9, 16, 11, 7, 14, 6, 3, 10, 7, 18, 9, 10, 18, 9, 7, 16, 18, 14, 3, 14, 13, 2, 6, 11, 5, 6, 16, 2, 9, 9, 18, 9, 2, 18, 3, 9, 5, 16, 7, 3, 11, 13, 11, 3, 10, 13, 16, 16, 14, 2, 16, 14, 6, 10, 2, 14, 7, 10, 18, 3, 9, 10, 11, 6, 13, 14, 18, 13, 5, 6, 7, 16, 18, 3, 14, 5, 3, 6, 9, 11, 3, 6, 16, 18, 9, 5, 11
5 1 33 1 13, 13 7 39 0 23, 2 15 7 1 3, 4 7 20 1 11, 6 5 38 0 17, 1 5 10 0 4, 3 4 40 1 18, 12 4 25 1 11, 7 6 25 0 10, 8 15 44 1 24, 14 10 37 1 21
6 13 5 1 2, 17 10 20 1 8, 16 15 44 1 18, 1 7 36 0 19, 7 5 39 0 15, 13 14 33 1 19, 2 11 27 1 11, 3 7 8 1 3, 19 3 20 0 8, 5 2 19 1 7, 18 7 29 0 16, 4 2 18 0 9, 9 5 30 0 16, 8 12 9 1 3, 14 6 14 1 7, 11 2 29 0 11, 10 3 39 0 22, 15 1 10 1 5, 12 4 20 0 11
17 3 21 1 10, 1 4 29 1 16, 15 5 24 1 11, 17 14 29 0 16, 14 10 17 1 8, 16 13 14 1 8, 18 7 34 1 15
1 11 36 1 19, 17 12 44 1 19, 19 12 15 0 6, 9 11 15 0 7, 5 6 33 1 16, 18 9 30 0 16, 4 5 17 1 6, 15 13 16 0 7, 2 6 19 1 10, 6 10 18 0 8, 10 10 19 0 9, 16 8 34 1 18, 14 7 10 1 4, 3 5 14 1 6, 7 9 17 1 8, 20 9 24 1 11
8 5 9 1 4, 20 5 22 0 12, 9 2 28 1 14, 7 3 22 1 12, 10 6 8 1 3, 1 7 12 1 5, 11 2 47 1 23, 19 2 31 0 13, 13 9 18 1 7, 12 1 27 1 15, 21 7 33 1 18, 18 13 26 0 10
16 2 45 0 26, 13 2 44 1 21, 1 12 21 1 9, 2 7 21 0 11, 14 15 42 0 19, 3 13 20 1 11, 7 11 9 1 4, 10 8 12 1 7, 15 5 14 1 6, 11 11 22 0 12, 6 1 37 1 16, 17 15 20 0 9, 20 8 21 1 9, 12 6 41 0 24
9 6 21 1 10, 1 3 40 0 22, 3 1 22 0 12, 2 15 20 0 10, 7 12 32 1 15, 10 12 45 1 21, 8 12 44 1 22, 11 14 17 0 7
1 6 30 0 16, 2 14 36 1 19, 9 13 36 0 18, 6 10 27 1 15, 7 1 40 1 20, 8 7 8 1 4, 3 5 13 0 6, 4 5 21 0 12, 5 6 29 0 15
1 10 44 0 23, 15 4 4 1 1, 17 9 16 1 9, 13 9 21 0 8, 12 4 44 1 23, 14 6 13 0 7, 16 14 13 1 6, 18 15 50 0 27
9 12 10 1 4, 12 14 29 1 16, 10 15 25 0 12, 11 4 42 1 24, 1 9 43 1 17, 13 10 7 1 3, 4 3 18 0 8, 5 4 9 1 4, 7 9 29 0 12, 8 3 8 0 4
6 6 5 1 2, 20 15 23 0 12, 18 11 18 0 10, 1 11 41 0 17, 21 14 14 1 7, 7 5 5 1 2, 8 5 16 0 7, 9 10 9 1 4, 10 6 19 0 8, 11 8 30 0 12, 15 4 6 1 3, 16 12 6 1 2, 17 13 19 0 11
12 13 32 1 15, 11 10 48 1 25, 17 10 32 1 13, 7 3 44 1 24, 1 3 8 1 4, 8 5 17 0 8, 10 11 27 1 14, 13 9 26 0 14, 16 4 18 1 8, 2 5 16 1 8, 3 2 21 0 11, 6 5 46 0 20
