6, 7, 12, 9, 16, 6, 7, 8, 7, 18, 16, 12, 4, 15, 12, 17, 15, 7, 4, 8, 9, 4, 18, 12, 6, 11, 14, 4, 12, 17, 4, 16, 6, 11, 9, 8, 18, 15, 13, 14, 16, 13, 12, 18, 9, 5, 6, 14, 9, 9, 9, 16, 17, 5, 12, 7, 6, 8, 9, 17, 12, 4, 4, 1, 12, 16, 7, 14, 15, 7, 6, 6, 4, 6, 6, 16, 14, 12, 6, 8, 18, 1, 9, 15, 5, 11, 15, 1, 18, 13, 15, 9, 7, 7, 18, 15, 4, 12, 17, 15, 17, 17, 4, 11, 9, 12, 18, 7, 16, 11, 13, 13, 6, 6, 1, 9, 4, 1, 12, 1, 14, 14, 18, 16, 12, 5, 14, 11, 15, 13, 8, 8, 17, 1, 9, 17, 18, 17, 15, 18, 13, 5, 9, 9, 8, 5, 14, 11, 7, 11, 12, 1, 17, 16, 18, 17, 6, 11, 14, 12, 4, 7, 15, 14, 6, 8, 7, 16, 4, 6, 13, 5
5 13 30 1 14, 3 15 43 0 19, 2 15 18 0 8, 1 9 13 0 7, 4 12 43 1 22, 6 12 25 0 11, 7 11 39 1 21, 8 8 47 1 21
1 2 18 1 10, 15 12 24 1 9, 3 9 20 1 9, 16 7 23 1 12, 2 12 30 0 13, 13 6 21 0 10, 4 5 8 1 3, 7 10 20 1 9, 8 6 45 1 22, 9 3 5 1 2, 10 9 33 1 19, 11 7 36 0 18, 12 15 29 0 14
1 4 29 1 16, 15 5 24 1 11, 14 8 11 1 5, 17 3 21 1 10, 16 13 14 1 8, 17 2 27 0 10, 18 7 34 1 15
15 13 16 0 7, 1 4 33 0 16, 5 11 39 0 16, 4 5 17 1 6, 18 9 30 0 16, 6 3 20 1 10, 16 5 31 1 13, 7 15 24 0 10, 20 11 25 1 11, 10 8 14 0 5, 9 11 15 0 7, 19 12 15 0 6, 2 3 21 1 9, 3 5 14 1 6, 17 12 44 1 19, 14 7 10 1 4
7 3 22 1 12, 19 2 31 0 13, 1 7 12 1 5, 21 10 28 0 15, 8 5 9 1 4, 20 5 22 0 12, 9 6 24 1 13, 10 12 5 1 2, 11 9 48 0 24, 14 11 20 1 11, 16 14 10 1 4, 17 7 20 1 9, 18 13 26 0 10
13 10 44 1 22, 17 2 39 1 17, 18 7 15 0 6, 1 4 50 1 29, 14 14 31 1 17, 15 13 38 1 22, 12 10 49 1 28, 16 14 28 0 13, 20 3 45 0 23
16 13 46 0 21, 15 5 14 1 6, 1 12 21 1 9, 14 14 44 1 22, 7 15 6 1 3, 13 2 44 1 21, 2 7 21 0 11, 4 3 13 1 6, 10 4 19 0 10, 17 5 23 0 9, 5 6 5 1 2, 11 15 20 1 9, 6 2 33 1 19, 20 4 18 1 7, 12 6 41 0 24
7 1 40 1 20, 1 1 38 1 18, 2 8 40 1 18, 6 10 27 1 15, 3 12 12 0 6, 4 5 21 0 12, 9 13 36 0 18, 8 2 6 1 2, 5 6 29 0 15
1 11 29 1 15, 2 15 44 0 23, 5 15 24 0 13, 3 5 5 1 2, 6 13 45 0 19, 12 6 13 1 7, 8 12 20 1 10, 4 12 41 1 21, 13 3 22 1 12, 9 14 7 1 3, 10 4 18 0 9, 14 1 5 1 2, 11 7 39 0 19, 7 11 15 1 6, 15 9 39 1 21, 18 13 19 1 8
12 6 38 1 19, 17 9 16 1 9, 1 13 50 1 22, 15 4 4 1 1, 13 10 16 0 7, 18 2 44 1 24, 14 6 13 0 7, 16 11 18 0 7
12 14 29 1 16, 8 3 8 0 4, 1 9 43 1 17, 2 1 10 1 5, 7 5 30 1 17, 3 4 8 1 3, 5 4 9 1 4, 11 14 43 0 17, 9 15 19 1 7, 10 15 25 0 12, 13 6 9 1 5
7 9 47 0 25, 10 14 50 1 22, 15 1 42 1 20, 12 7 45 1 19, 13 6 11 0 5, 1 11 18 1 10, 11 8 6 0 3, 5 2 12 1 6, 14 3 22 1 11, 4 7 8 0 3, 3 6 17 1 7, 6 4 48 0 22
6 6 5 1 2, 18 11 18 0 10, 1 2 45 0 26, 20 14 15 1 6, 12 14 24 0 13, 16 12 6 1 2, 13 1 50 1 23, 15 4 6 1 3, 14 1 17 1 8, 21 12 29 1 13, 17 15 23 1 9
13 6 33 1 13, 21 3 15 0 7, 1 10 46 1 22, 2 10 13 0 6, 15 8 7 1 3, 7 11 19 0 8, 22 11 17 0 7, 6 13 46 1 25, 12 8 17 1 8, 18 2 15 0 6, 16 1 5 0 2, 17 2 42 1 19
12 5 31 1 18, 3 2 21 0 11, 1 3 8 1 4, 10 11 27 1 14, 7 3 44 1 24, 2 6 12 0 6, 13 9 26 0 14, 6 5 46 0 20, 9 15 13 1 6, 11 10 48 1 25, 16 15 19 1 9, 17 14 35 1 17
