7, 12, 16, 3, 15, 15, 14, 17, 3, 3, 9, 13, 3, 11, 7, 4, 1, 18, 8, 12, 13, 6, 2, 17, 11, 9, 8, 12, 2, 13, 4, 9, 9, 14, 7, 15, 1, 16, 15, 12, 18, 7, 10, 16, 12, 14, 12, 10, 6, 18, 3, 15, 12, 14, 17, 3, 4, 4, 5, 5, 3, 1, 3, 3, 7, 18, 15, 2, 9, 1, 6, 2, 15, 12, 16, 3, 13, 14, 9, 8, 12, 6, 18, 17, 4, 11, 14, 4, 7, 8, 6, 11, 17, 9, 4, 2, 3, 9, 9, 6, 6, 12, 8, 6, 15, 6, 8, 5, 2, 17, 18, 13, 16, 2, 3, 6, 3, 16, 10, 3, 16, 7, 7, 4, 12, 14, 18, 11, 18, 4, 12, 17, 16, 10, 9, 1, 18, 9, 17, 2, 11, 14, 17, 2, 7, 6, 17, 14, 3, 5, 15, 9, 18, 15, 16, 1, 6, 5, 2, 10, 1, 5, 10, 6, 4, 4, 15, 13, 5, 11, 9, 8, 13, 7, 17, 12, 4, 3, 3, 16, 16, 16, 6, 17, 8, 10, 8, 18, 12, 2, 8, 10, 12, 8, 13, 3, 16, 9, 4, 7, 17, 6, 10, 11, 14, 11, 18, 7, 1, 3, 12, 15, 8, 9, 6
4 12 43 1 22, 1 14 10 1 4, 7 1 40 0 18, 5 13 30 1 14, 2 11 24 0 12, 6 12 25 0 11, 3 15 43 0 19, 8 8 47 1 21
14 10 37 1 21, 8 10 41 1 16, 13 7 39 0 23, 3 4 40 1 18, 5 1 33 1 13, 7 11 33 0 13, 12 4 25 1 11, 1 5 10 0 4, 4 9 10 0 4, 2 8 6 1 2, 6 5 38 0 17
5 2 19 1 7, 14 2 11 1 5, 7 1 50 1 28, 9 5 30 0 16, 10 3 39 0 22, 8 1 6 1 2, 16 15 44 1 18, 13 14 33 1 19, 17 12 33 1 13, 19 3 20 0 8, 15 1 10 1 5, 18 7 29 0 16, 3 7 8 1 3, 6 7 8 0 4, 4 7 13 1 7, 2 8 29 0 13, 11 4 36 0 15, 1 7 36 0 19, 12 12 16 0 8
2 12 30 0 13, 16 7 23 1 12, 4 5 8 1 3, 1 2 18 1 10, 3 9 20 1 9, 13 6 21 0 10, 7 10 20 1 9, 14 10 18 1 8, 10 9 33 1 19, 9 3 5 1 2, 8 6 45 1 22, 11 7 36 0 18, 12 15 29 0 14
1 3 35 1 17, 17 4 28 0 16, 15 5 24 1 11, 14 8 11 1 5, 17 3 21 1 10, 16 13 14 1 8, 18 14 35 1 14
5 6 33 1 16, 16 8 34 1 18, 10 10 19 0 9, 19 12 15 0 6, 18 10 26 1 11, 1 3 38 1 20, 3 5 14 1 6, 6 10 18 0 8, 7 15 24 0 10, 2 3 21 1 9, 17 12 44 1 19, 4 5 17 1 6, 15 2 14 1 8, 9 11 15 0 7, 20 9 24 1 11, 14 7 10 1 4
8 5 9 1 4, 12 8 30 0 14, 10 12 5 1 2, 21 7 33 1 18, 20 6 18 1 10, 1 7 12 1 5, 9 6 24 1 13, 19 2 31 0 13, 11 2 47 1 23, 13 9 18 1 7, 7 3 22 1 12, 18 13 26 0 10
19 11 16 1 7, 1 4 50 1 29, 4 4 11 1 5, 2 15 21 1 11, 3 12 35 1 20, 5 11 20 1 9, 8 15 17 1 8, 17 10 34 1 17, 20 3 45 0 23, 7 3 35 0 20, 9 9 24 1 10, 11 1 15 1 7
14 15 42 0 19, 13 2 44 1 21, 10 14 10 1 5, 1 12 21 1 9, 17 15 20 0 9, 2 7 21 0 11, 7 13 5 0 2, 20 4 18 1 7, 16 13 46 0 21, 11 15 20 1 9, 4 15 15 0 8, 6 6 29 1 13, 5 3 6 1 2, 15 5 14 1 6, 12 6 41 0 24
3 13 24 1 12, 1 3 40 0 22, 2 15 20 0 10, 9 6 21 1 10, 4 13 20 1 11, 5 7 35 1 18, 6 5 10 1 4, 10 12 45 1 21, 11 14 17 0 7
1 1 38 1 18, 4 5 21 0 12, 6 10 27 1 15, 9 9 39 1 22, 7 1 40 1 20, 2 14 36 1 19, 3 13 8 0 4, 8 7 8 1 4, 5 6 29 0 15
13 3 22 1 12, 15 9 39 1 21, 18 13 19 1 8, 12 6 13 1 7, 3 11 11 0 5, 14 1 5 1 2, 8 3 18 1 10, 5 15 24 0 13, 11 7 39 0 19, 4 12 41 1 21, 9 6 5 1 2, 6 2 42 1 22, 1 11 29 1 15, 2 15 44 0 23, 10 4 18 0 9, 7 11 15 1 6
18 2 44 1 24, 15 4 4 1 1, 13 10 16 0 7, 1 11 41 1 19, 12 6 38 1 19, 17 8 15 0 7, 14 6 13 0 7, 16 5 15 1 6
1 9 43 1 17, 10 15 25 0 12, 4 3 18 0 8, 9 15 19 1 7, 13 10 7 1 3, 12 14 29 1 16, 11 4 42 1 24, 5 4 9 1 4, 7 9 29 0 12, 8 3 8 0 4
12 5 48 1 28, 11 8 6 0 3, 4 7 8 0 3, 1 11 18 1 10, 10 14 50 1 22, 7 9 47 0 25, 5 2 12 1 6, 14 9 21 1 10, 3 6 17 1 7, 13 1 9 1 5, 15 12 47 1 26, 6 4 48 0 22
20 15 23 0 12, 1 11 41 0 17, 10 11 11 1 6, 16 9 5 1 2, 18 11 18 0 10, 6 6 5 1 2, 21 14 14 1 7, 7 5 5 1 2, 8 5 16 0 7, 11 8 30 0 12, 9 10 9 1 4, 15 7 10 1 4, 17 13 19 0 11
6 13 46 1 25, 13 6 33 1 13, 19 6 7 0 2, 22 11 17 0 7, 12 8 17 1 8, 7 2 23 1 11, 16 1 5 0 2, 1 11 44 1 25, 2 5 16 1 9, 20 9 5 1 2, 18 2 15 0 6, 15 8 7 1 3, 17 2 42 1 19
7 7 48 0 21, 1 3 8 1 4, 13 9 26 0 14, 5 9 17 1 8, 9 15 13 1 6, 4 5 16 0 7, 6 5 46 0 20, 12 5 31 1 18, 16 4 18 1 8, 10 11 27 1 14, 11 13 50 1 29, 17 10 32 1 13
