3, 11, 3, 2, 12, 6, 5, 15, 2, 4, 12, 4, 13, 1, 10, 6, 3, 12, 2, 15, 6, 5, 3, 12, 11, 6, 3, 6, 4, 3, 12, 4, 4, 3, 3, 10, 15, 3, 14, 4, 12, 15, 3, 12, 15, 11, 14, 6, 14, 5, 6, 2, 12, 15, 1, 10, 10, 10, 6, 4, 4, 15, 2, 4, 6, 3, 11, 3, 13, 14, 2, 1, 12, 1, 14, 2, 11, 2, 13, 15, 13, 1, 10, 4, 3, 6, 6, 10, 6, 1, 3, 13, 3, 13, 6, 14, 5, 12, 11, 2, 5, 14, 10, 3, 12, 11, 15, 15, 6, 4, 14, 1, 3, 6, 10, 13, 4, 11, 12, 5, 12, 5, 3, 6, 14, 4, 2, 2, 15, 3, 14, 12, 12, 11, 13, 12, 15, 15, 1
6 12 25 0 11, 4 12 43 1 22, 7 1 40 0 18, 5 13 30 1 14, 1 14 10 1 4, 3 15 43 0 19, 2 15 18 0 8, 8 8 47 1 21
1 5 10 0 4, 5 1 33 1 13, 3 4 40 1 18, 12 4 25 1 11, 7 6 25 0 10, 13 7 39 0 23, 8 10 41 1 16, 4 6 14 1 7, 6 5 38 0 17, 2 8 6 1 2, 14 10 37 1 21
1 4 29 1 13, 5 2 19 1 7, 16 15 44 1 18, 17 10 20 1 8, 7 5 39 0 15, 14 2 11 1 5, 8 1 6 1 2, 6 13 5 1 2, 18 7 29 0 16, 13 14 33 1 19, 15 8 19 1 10, 9 5 30 0 16, 19 3 20 0 8, 10 3 39 0 22, 3 7 8 1 3, 4 7 13 1 7, 11 2 29 0 11, 2 11 27 1 11, 12 12 16 0 8
2 12 30 0 13, 14 14 28 1 11, 3 9 20 1 9, 13 6 21 0 10, 4 11 9 0 4, 16 7 23 1 12, 7 10 20 1 9, 9 3 5 1 2, 1 2 18 1 10, 8 6 45 1 22, 10 9 33 1 19, 11 11 41 0 22, 12 15 29 0 14
1 3 35 1 17, 17 7 30 0 17, 15 5 24 1 11, 14 8 11 1 5, 17 2 27 0 10, 16 13 14 1 8, 18 14 35 1 14
5 6 33 1 16, 17 12 44 1 19, 1 4 33 0 16, 15 14 13 1 5, 6 10 18 0 8, 16 5 31 1 13, 4 5 17 1 6, 3 5 14 1 6, 7 9 17 1 8, 9 11 15 0 7, 14 7 10 1 4, 10 8 14 0 5, 2 6 19 1 10, 18 10 26 1 11, 19 12 15 0 6, 20 9 24 1 11
3 13 24 1 12, 4 10 22 1 9, 1 3 40 0 22, 6 9 12 0 6, 5 4 37 0 17, 2 15 20 0 10, 9 3 24 1 10, 10 12 45 1 21, 11 14 17 0 7
6 2 28 1 15, 8 11 11 1 6, 1 6 30 0 16, 7 1 40 1 20, 2 14 36 1 19, 4 5 21 0 12, 3 13 8 0 4, 9 13 36 0 18, 5 6 29 0 15
5 15 24 0 13, 8 3 18 1 10, 6 13 45 0 19, 16 7 10 1 4, 13 3 22 1 12, 2 15 44 0 23, 7 11 15 1 6, 4 12 41 1 21, 17 12 38 1 17, 1 11 29 1 15, 3 5 5 1 2, 18 13 19 1 8, 9 6 5 1 2, 10 4 18 0 9, 11 7 39 0 19, 12 10 7 0 3
1 11 41 1 19, 12 6 38 1 19, 18 2 44 1 24, 17 8 15 0 7, 13 1 22 1 12, 14 6 13 0 7, 15 4 4 1 1, 16 14 13 1 6
1 9 43 1 17, 4 3 18 0 8, 12 14 29 1 16, 6 4 27 0 14, 5 4 9 1 4, 11 14 43 0 17, 10 15 25 0 12, 13 6 9 1 5, 9 5 18 0 9, 8 3 8 0 4
12 7 45 1 19, 1 11 18 1 10, 14 9 21 1 10, 3 6 17 1 7, 4 7 8 0 3, 8 8 28 0 16, 7 9 47 0 25, 15 1 42 1 20, 9 2 18 1 10, 5 2 12 1 6, 11 8 6 0 3, 13 1 9 1 5, 6 5 43 1 21
