4, 2, 10, 8, 17, 16, 4, 5, 8, 4, 11, 17, 4, 2, 14, 7, 2, 13, 4, 7, 11, 7, 1, 5, 10, 7, 4, 13, 8, 13, 1, 1, 17, 11, 4, 14, 14, 17, 7, 16, 10, 1, 7, 10, 16, 2, 14, 5, 5, 4, 17, 2, 17, 14, 13, 2, 14, 10, 1, 11, 4, 16, 8, 1, 5, 10, 11, 8, 17, 16, 4, 13, 11, 17, 1, 17, 8, 13, 2, 8, 2, 2, 16, 14, 7, 11, 17, 14, 7, 5, 4, 4, 7, 17, 17, 8, 2, 2, 10, 14, 7, 17, 7, 5, 16, 16, 10, 5, 8, 13, 14, 11, 11, 4, 7, 10, 13, 1
1 14 10 1 4, 5 13 30 1 14, 3 15 43 0 19, 2 15 18 0 8, 4 12 43 1 22, 6 12 25 0 11, 7 11 39 1 21, 8 8 47 1 21
8 10 41 1 16, 5 1 33 1 13, 2 8 6 1 2, 1 5 10 0 4, 12 4 25 1 11, 3 4 40 1 18, 6 5 38 0 17, 13 7 39 0 23, 7 6 25 0 10, 4 9 10 0 4, 14 10 37 1 21
13 6 21 0 10, 1 2 18 1 10, 2 12 30 0 13, 15 12 24 1 9, 4 5 8 1 3, 3 9 20 1 9, 7 1 23 0 11, 16 7 23 1 12, 8 6 45 1 22, 9 12 9 1 3, 10 9 33 1 19, 11 7 36 0 18, 12 15 29 0 14
14 8 11 1 5, 1 4 29 1 16, 15 5 24 1 11, 17 3 21 1 10, 17 3 21 1 10, 2 3 34 1 19, 16 13 14 1 8, 18 7 34 1 15
1 8 17 1 6, 7 3 22 1 12, 19 2 31 0 13, 8 10 10 0 5, 9 6 24 1 13, 20 6 18 1 10, 21 1 32 0 16, 10 13 11 0 5, 11 2 47 1 23, 12 1 27 1 15, 13 9 18 1 7, 18 13 26 0 10
1 4 50 1 29, 12 3 43 1 25, 15 10 36 1 14, 14 13 32 0 18, 16 14 28 0 13, 17 10 34 1 17, 13 10 44 1 22, 18 7 15 0 6, 20 3 45 0 23
3 13 24 1 12, 9 9 19 1 8, 1 4 33 1 17, 4 13 20 1 11, 6 9 12 0 6, 5 7 35 1 18, 10 3 48 0 28, 2 15 20 0 10, 11 14 17 0 7
1 6 30 0 16, 6 10 27 1 15, 9 13 36 0 18, 8 2 6 1 2, 4 14 25 1 14, 2 5 39 0 17, 7 1 40 1 20, 3 13 8 0 4, 5 4 31 0 16
12 6 38 1 19, 17 8 15 0 7, 18 2 44 1 24, 1 11 41 1 19, 13 1 22 1 12, 14 6 13 0 7, 15 4 4 1 1, 16 14 13 1 6
9 5 18 0 9, 4 3 18 0 8, 7 9 29 0 12, 12 14 29 1 16, 10 15 25 0 12, 1 9 43 1 17, 5 4 9 1 4, 11 4 42 1 24, 8 3 8 0 4, 13 6 9 1 5
21 12 29 1 13, 2 7 32 1 19, 20 8 20 1 11, 18 11 18 0 10, 1 11 41 0 17, 3 6 39 1 17, 4 4 40 1 18, 5 1 25 0 14
1 11 44 1 25, 10 15 13 0 7, 13 6 33 1 13, 11 1 24 0 10, 16 1 5 0 2, 18 2 15 0 6, 15 8 7 1 3, 9 12 30 0 15, 8 9 17 1 8, 12 8 17 1 8, 21 3 15 0 7, 22 14 20 0 9, 17 2 42 1 19
