6, 9, 8, 3, 16, 6, 3, 17, 10, 16, 16, 14, 14, 16, 6, 18, 3, 18, 4, 4, 9, 10, 12, 18, 5, 4, 17, 4, 13, 2, 9, 8, 3, 12, 17, 12, 18, 9, 16, 9, 8, 6, 14, 3, 4, 18, 12, 13, 12, 9, 11, 3, 3, 9, 6, 6, 2, 6, 8, 10, 9, 14, 9, 2, 8, 2, 13, 12, 3, 17, 5, 2, 4, 4, 11, 4, 18, 10, 2, 8, 10, 17, 12, 3, 5, 3, 6, 12, 12, 9, 11, 3, 11, 12, 4, 11, 6, 9, 18, 6, 11, 18, 17, 16, 14, 12, 4, 18, 8, 17, 18, 8, 16, 10, 6, 6, 17, 5, 13, 12, 2, 3, 17, 16, 9, 2, 13, 16, 11, 3, 8, 18, 3, 16, 2, 6, 9, 14, 8, 8, 4, 13, 14, 16, 12, 10, 5, 11, 6, 3, 5, 16, 6, 17, 18, 12, 12, 12, 3, 16, 4, 6, 14, 5, 17, 10, 2, 11, 2, 14, 17, 14, 4, 9, 13, 13, 3, 3, 8, 3, 10
13 7 39 0 23, 8 10 41 1 16, 5 1 33 1 13, 7 6 25 0 10, 3 4 40 1 18, 12 4 25 1 11, 1 5 10 0 4, 14 10 37 1 21, 4 12 13 1 7, 2 8 6 1 2, 6 5 38 0 17
16 15 44 1 18, 7 5 39 0 15, 11 4 36 0 15, 13 14 33 1 19, 14 2 11 1 5, 8 1 6 1 2, 18 7 29 0 16, 9 5 30 0 16, 12 1 19 0 9, 10 3 39 0 22, 19 14 34 1 14, 1 4 29 1 13, 2 11 27 1 11, 15 8 19 1 10, 5 2 19 1 7, 17 10 20 1 8, 3 1 11 1 5, 6 13 5 1 2, 4 7 13 1 7
1 2 18 1 10, 8 6 45 1 22, 11 11 41 0 22, 13 6 21 0 10, 2 12 30 0 13, 3 9 20 1 9, 16 7 23 1 12, 9 12 9 1 3, 15 12 24 1 9, 4 5 8 1 3, 7 10 20 1 9, 10 9 33 1 19, 12 15 29 0 14
15 5 24 1 11, 1 4 29 1 16, 17 7 30 0 17, 14 2 14 1 7, 16 8 19 1 8, 17 3 21 1 10, 18 7 34 1 15
6 10 18 0 8, 15 14 13 1 5, 17 12 44 1 19, 7 15 24 0 10, 18 10 26 1 11, 2 6 19 1 10, 19 5 19 1 8, 5 6 33 1 16, 3 5 14 1 6, 10 8 14 0 5, 1 4 33 0 16, 4 8 20 0 8, 16 1 36 0 16, 9 11 15 0 7, 20 11 25 1 11, 14 7 10 1 4
1 4 50 1 29, 4 8 16 1 7, 17 10 34 1 17, 8 15 17 1 8, 19 11 16 1 7, 9 9 24 1 10, 2 15 21 1 11, 5 11 20 1 9, 3 12 35 1 20, 20 3 45 0 23, 7 3 35 0 20, 11 1 15 1 7
1 12 21 1 9, 3 13 20 1 11, 15 2 17 1 6, 7 13 5 0 2, 16 2 45 0 26, 10 14 10 1 5, 13 2 44 1 21, 11 15 20 1 9, 2 7 21 0 11, 6 6 29 1 13, 14 4 47 1 20, 17 15 20 0 9, 20 4 18 1 7, 12 6 41 0 24
3 1 22 0 12, 5 7 35 1 18, 1 4 33 1 17, 9 3 24 1 10, 4 13 20 1 11, 2 15 20 0 10, 6 5 10 1 4, 10 12 45 1 21, 11 14 17 0 7
4 5 21 0 12, 1 6 30 0 16, 6 10 27 1 15, 2 14 36 1 19, 7 1 40 1 20, 9 13 36 0 18, 8 2 6 1 2, 3 13 8 0 4, 5 6 29 0 15
2 15 44 0 23, 3 5 5 1 2, 18 5 21 0 10, 8 3 18 1 10, 4 12 41 1 21, 13 3 22 1 12, 10 4 18 0 9, 1 11 29 1 15, 9 14 7 1 3, 14 1 5 1 2, 15 9 39 1 21, 11 7 39 0 19, 6 13 45 0 19, 12 10 7 0 3, 5 15 24 0 13, 7 11 15 1 6
17 8 15 0 7, 18 2 44 1 24, 1 10 44 0 23, 13 9 21 0 8, 15 4 4 1 1, 12 13 41 1 21, 14 4 18 1 9, 16 14 13 1 6
1 9 43 1 17, 7 9 29 0 12, 9 12 10 1 4, 12 9 35 1 19, 4 6 25 1 13, 10 15 25 0 12, 11 14 43 0 17, 5 4 9 1 4, 13 10 7 1 3, 8 3 8 0 4
18 11 18 0 10, 11 8 30 0 12, 9 4 18 1 10, 8 7 19 1 9, 6 6 5 1 2, 20 8 20 1 11, 15 1 8 0 3, 10 11 11 1 6, 1 11 41 0 17, 7 5 5 1 2, 16 9 5 1 2, 21 14 14 1 7, 17 8 24 1 10
11 1 24 0 10, 1 11 44 1 25, 8 9 17 1 8, 13 6 33 1 13, 17 2 42 1 19, 14 3 12 1 7, 21 3 15 0 7, 9 2 29 1 14, 22 6 19 1 8, 18 2 15 0 6, 10 15 13 0 7, 12 8 17 1 8
1 3 8 1 4, 7 3 44 1 24, 5 9 17 1 8, 10 11 27 1 14, 6 5 46 0 20, 9 8 16 1 7, 4 1 13 1 5, 13 9 26 0 14, 11 10 48 1 25, 12 5 31 1 18, 16 15 19 1 9, 17 14 35 1 17
