3, 16, 3, 3, 11, 14, 9, 5, 3, 3, 11, 9, 6, 3, 16, 6, 14, 6, 16, 10, 3, 16, 6, 6, 9, 6, 13, 14, 9, 9, 16, 5, 3, 11, 13, 3, 9, 3, 9, 3, 9, 3, 13, 13, 3, 16, 16, 11, 6, 14, 9, 3, 10, 16, 14, 6, 9, 11, 10, 5, 10, 6, 5, 6, 6, 11, 10, 14, 16, 10, 14, 11, 16, 10, 3, 5, 5, 16, 3, 13, 11, 6, 6, 13, 9, 16, 13, 3, 11, 14, 9, 3, 10, 6, 16, 9, 14, 6, 6, 14, 3, 14, 9, 13, 10, 5
16 15 44 1 18, 18 7 29 0 16, 7 5 39 0 15, 13 14 33 1 19, 10 3 39 0 22, 1 11 34 0 13, 11 2 29 0 11, 6 13 5 1 2, 2 8 29 0 13, 17 10 20 1 8, 4 7 13 1 7, 14 7 15 0 6, 5 2 19 1 7, 3 1 11 1 5, 8 1 6 1 2, 9 5 30 0 16, 19 3 20 0 8, 15 1 10 1 5, 12 12 16 0 8
15 5 24 1 11, 1 11 31 1 15, 17 2 27 0 10, 17 7 30 0 17, 14 2 14 1 7, 16 13 14 1 8, 18 7 34 1 15
15 13 16 0 7, 5 6 33 1 16, 1 3 38 1 20, 17 12 44 1 19, 6 10 18 0 8, 3 5 14 1 6, 4 5 17 1 6, 2 6 19 1 10, 19 12 15 0 6, 7 9 17 1 8, 16 1 36 0 16, 18 10 26 1 11, 9 11 15 0 7, 20 9 24 1 11, 10 8 14 0 5, 14 10 14 1 7
16 2 45 0 26, 13 2 44 1 21, 7 11 9 1 4, 2 7 21 0 11, 14 5 43 0 20, 15 6 20 0 9, 1 9 27 0 12, 17 15 20 0 9, 6 1 37 1 16, 10 14 10 1 5, 20 4 18 1 7, 11 3 28 1 13, 3 13 20 1 11, 12 6 41 0 24
3 13 24 1 12, 1 4 33 1 17, 2 6 27 1 13, 4 10 22 1 9, 5 7 35 1 18, 6 5 10 1 4, 9 3 24 1 10, 10 12 45 1 21, 11 14 17 0 7
3 13 8 0 4, 2 14 36 1 19, 9 9 39 1 22, 8 9 10 1 5, 1 1 38 1 18, 6 10 27 1 15, 7 14 42 1 22, 4 5 21 0 12, 5 6 29 0 15
12 6 38 1 19, 13 9 21 0 8, 1 11 41 1 19, 17 11 19 0 8, 14 6 13 0 7, 15 4 4 1 1, 18 2 44 1 24, 16 14 13 1 6
1 9 43 1 17, 9 12 10 1 4, 12 10 31 0 14, 3 8 10 0 4, 2 12 13 0 7, 10 15 25 0 12, 5 4 9 1 4, 7 9 29 0 12, 13 6 9 1 5, 11 4 42 1 24, 8 3 8 0 4
8 5 16 0 7, 16 12 6 1 2, 21 14 14 1 7, 11 8 30 0 12, 1 1 43 1 24, 20 15 23 0 12, 6 6 5 1 2, 18 4 26 1 12, 7 5 5 1 2, 9 10 9 1 4, 10 6 19 0 8, 15 4 6 1 3, 17 13 19 0 11
