10 3 0 22, 3 8 111 117, 15 13 117 126, 12 14 134 139, 18 4 170 183, 15 15 183 225, 2 5 313 346, 16 14 367 384, 3 15 384 394, 17 11 410 434, 8 11 459 474, 11 7 474 514, 
9 13 0 44, 4 1 44 62, 17 18 62 77, 11 8 88 94, 7 19 94 125, 12 6 139 181, 3 14 181 192, 7 11 198 245, 13 18 246 290, 3 5 290 309, 17 17 309 351, 17 9 381 410, 3 11 419 448, 15 9 448 466, 
7 7 12 34, 18 1 34 42, 14 4 43 61, 12 13 68 90, 18 7 90 134, 12 8 181 199, 17 21 199 214, 3 19 221 241, 17 14 241 253, 8 7 253 288, 4 9 288 293, 9 4 296 309, 3 10 309 348, 16 19 348 367, 8 20 367 412, 14 8 424 432, 5 17 432 453, 
5 1 0 29, 6 1 52 85, 8 1 85 135, 10 1 135 168, 5 10 168 197, 2 12 197 222, 3 1 241 270, 16 13 270 314, 18 16 314 332, 9 16 332 374, 14 5 374 383, 16 15 384 390, 13 15 390 394, 12 10 394 412, 2 3 412 452, 14 11 457 499, 9 20 501 519, 
18 12 0 31, 7 8 34 43, 3 7 72 111, 3 9 117 147, 4 4 151 159, 2 1 159 169, 10 6 169 179, 5 15 197 221, 12 3 240 245, 9 15 245 259, 6 16 266 297, 6 3 297 311, 11 4 311 332, 18 6 332 378, 15 6 393 436, 8 10 436 459, 6 4 459 476, 2 6 476 514, 
6 5 0 33, 2 7 33 58, 11 1 58 88, 4 13 92 113, 17 13 113 146, 16 6 146 151, 7 9 151 175, 7 20 180 198, 4 8 202 247, 6 2 247 266, 13 12 290 328, 12 9 328 333, 5 12 333 359, 13 14 359 372, 9 5 374 379, 11 5 379 408, 8 8 412 428, 9 6 431 460, 9 12 460 501, 
7 1 0 12, 15 12 12 57, 10 5 57 92, 4 16 159 182, 3 18 192 221, 6 14 221 231, 2 13 231 270, 9 2 270 291, 8 18 291 306, 7 17 306 326, 4 11 337 373, 3 3 394 402, 12 11 412 451, 5 18 453 487, 3 4 487 500, 
13 17 0 15, 5 14 29 40, 6 8 115 153, 2 2 270 276, 7 15 293 304, 15 8 365 393, 1 8 393 440, 17 12 440 457, 15 11 466 472, 
14 1 0 43, 18 13 43 69, 6 7 98 115, 4 3 131 151, 15 14 151 172, 2 4 172 182, 10 9 182 201, 12 15 201 240, 15 7 240 287, 18 5 287 304, 4 10 304 337, 17 8 351 368, 16 16 390 395, 14 7 395 424, 6 20 491 515, 
8 17 0 34, 6 6 34 52, 3 17 52 72, 2 8 72 113, 4 14 113 131, 4 7 182 202, 11 6 216 243, 7 21 245 273, 2 14 276 313, 13 13 328 344, 18 17 378 410, 6 18 410 436, 12 12 451 458, 18 11 458 506, 14 13 506 513, 
12 1 0 29, 16 1 29 70, 16 18 70 88, 15 1 88 106, 17 1 146 190, 6 9 190 205, 13 1 205 246, 7 14 273 293, 1 7 293 332, 12 7 333 348, 3 2 348 375, 18 10 410 437, 17 22 457 474, 
4 2 62 92, 9 1 92 113, 14 9 113 123, 7 10 175 180, 8 3 180 215, 1 6 215 240, 1 4 240 283, 12 4 283 324, 15 2 324 365, 6 17 365 409, 10 10 409 454, 3 12 454 470, 6 19 476 491, 
10 4 22 42, 11 9 94 130, 1 5 130 160, 18 8 160 170, 8 6 215 248, 11 3 248 256, 9 7 291 296, 7 18 326 352, 5 16 359 373, 16 17 395 414, 3 6 414 419, 12 18 458 477, 
1 1 0 10, 6 15 85 98, 3 13 147 180, 11 2 180 216, 16 12 216 240, 5 11 240 281, 14 12 281 310, 5 13 373 391, 9 10 401 411, 16 20 414 429, 13 16 429 442, 10 11 454 471, 16 21 471 485, 
3 16 0 44, 12 5 44 68, 1 2 68 86, 12 2 90 134, 8 2 135 156, 1 3 160 203, 9 14 203 245, 10 2 245 265, 17 10 368 381, 9 17 381 401, 9 11 411 431, 14 10 432 457, 4 12 457 486, 
