10 3 0 22, 3 8 83 89, 2 5 89 122, 11 7 184 224, 18 15 248 264, 15 13 264 273, 3 15 279 289, 15 15 289 331, 17 19 387 393, 17 11 393 417, 8 11 451 466, 
11 8 0 6, 17 18 6 21, 4 1 21 39, 7 19 39 70, 9 13 71 115, 18 14 124 135, 18 3 151 172, 3 14 183 194, 3 5 194 213, 13 18 213 257, 17 9 257 286, 7 11 286 333, 17 17 345 387, 12 6 389 431, 3 11 461 490, 
18 1 0 8, 18 7 8 52, 5 2 52 86, 12 13 86 108, 14 4 108 126, 7 7 134 156, 17 14 156 168, 12 8 175 193, 8 20 193 238, 5 17 252 273, 4 9 273 278, 14 8 326 334, 3 19 344 364, 8 7 364 399, 9 4 409 422, 3 10 422 461, 
5 1 0 29, 9 16 29 71, 8 1 71 121, 10 1 121 154, 3 1 154 183, 12 10 198 216, 6 1 217 250, 2 3 250 290, 14 5 290 299, 14 6 299 326, 2 12 331 356, 18 16 356 374, 13 15 374 378, 5 9 378 415, 16 15 415 421, 9 20 422 440, 14 11 440 482, 
2 1 0 10, 3 7 44 83, 18 12 83 114, 6 16 116 147, 16 7 147 152, 7 8 156 165, 4 4 170 178, 5 15 178 202, 18 6 202 248, 16 8 248 264, 10 6 264 274, 6 3 287 301, 9 15 301 315, 6 4 315 332, 11 4 332 353, 3 9 364 394, 2 6 402 440, 12 3 440 445, 15 6 445 488, 
4 13 0 21, 17 13 21 54, 2 7 54 79, 6 5 83 116, 7 20 116 134, 16 6 134 139, 18 2 139 151, 11 1 154 184, 12 9 193 198, 7 9 198 222, 4 8 222 267, 6 2 268 287, 13 12 287 325, 13 14 355 368, 11 5 368 397, 8 8 399 415, 9 5 440 445, 9 6 445 474, 9 12 474 515, 
7 1 0 12, 15 12 12 57, 12 16 108 118, 4 16 127 150, 10 5 154 189, 12 11 216 255, 9 2 255 276, 3 3 289 297, 3 18 302 331, 3 4 331 344, 9 9 354 363, 2 13 363 402, 4 11 402 438, 7 17 438 458, 6 14 458 468, 5 18 468 502, 
13 17 0 15, 2 2 15 21, 5 14 86 97, 9 8 315 354, 16 11 354 384, 7 15 384 395, 6 8 395 433, 1 8 433 480, 15 11 488 494, 17 12 494 511, 
14 1 0 43, 2 4 43 53, 4 3 150 170, 17 8 170 187, 6 20 193 217, 15 14 234 255, 4 10 278 311, 10 9 311 330, 15 7 331 378, 6 7 378 395, 17 20 417 422, 16 16 422 427, 8 9 427 451, 
8 17 0 34, 6 18 57 83, 3 17 89 109, 4 14 109 127, 11 6 127 154, 7 21 165 193, 4 7 193 213, 6 6 250 268, 16 9 268 277, 2 8 290 331, 12 12 332 339, 13 13 339 355, 18 17 374 406, 18 11 406 454, 2 14 454 491, 14 13 491 498, 
16 18 0 18, 8 19 34 50, 16 1 50 91, 15 1 91 109, 17 1 109 153, 13 1 153 194, 5 6 224 252, 3 2 252 279, 12 1 279 308, 18 10 308 335, 16 10 335 346, 7 14 346 366, 1 7 370 409, 6 9 433 448, 17 22 448 465, 12 7 486 501, 
6 17 13 57, 4 2 57 87, 12 17 118 156, 9 1 157 178, 6 19 178 193, 15 2 193 234, 14 9 234 244, 7 10 244 249, 8 3 259 294, 1 4 302 345, 1 6 345 370, 10 10 370 415, 12 4 445 486, 3 12 490 506, 
11 9 6 42, 10 4 42 62, 1 5 62 92, 18 8 114 124, 12 18 156 175, 9 7 178 183, 5 5 202 210, 5 16 210 224, 11 3 260 268, 3 6 297 302, 8 6 302 335, 16 17 427 446, 7 18 458 484, 
6 15 0 13, 1 1 13 23, 16 20 91 106, 16 21 106 120, 3 13 120 153, 5 4 153 178, 11 2 224 260, 14 12 260 289, 13 16 378 391, 15 10 391 441, 10 11 441 458, 
3 16 0 44, 1 2 44 62, 5 3 97 110, 9 14 115 157, 9 17 183 203, 10 2 203 223, 8 2 238 259, 1 3 259 302, 12 5 308 332, 17 10 332 345, 12 2 345 389, 9 11 389 409, 14 10 409 434, 4 12 438 467, 
