10 3 0 22, 3 8 83 89, 2 5 89 122, 11 7 184 224, 18 15 245 261, 3 15 268 278, 15 13 278 287, 15 15 287 329, 17 19 390 396, 17 11 396 420, 8 11 469 484, 
11 8 0 6, 17 18 6 21, 4 1 21 39, 7 19 39 70, 9 13 71 115, 18 14 124 135, 18 3 151 172, 3 14 183 194, 3 5 194 213, 13 18 213 257, 17 9 272 301, 7 11 301 348, 17 17 348 390, 12 6 390 432, 3 11 455 484, 
18 1 0 8, 18 7 8 52, 5 2 52 86, 12 13 86 108, 14 4 108 126, 7 7 134 156, 12 8 175 193, 8 20 193 238, 17 14 238 250, 5 17 250 271, 4 9 271 276, 3 19 333 353, 14 8 353 361, 8 7 361 396, 9 4 403 416, 3 10 416 455, 
5 1 0 29, 9 16 29 71, 8 1 71 121, 10 1 121 154, 3 1 154 183, 12 10 198 216, 6 1 217 250, 2 3 250 290, 14 5 290 299, 14 6 299 326, 2 12 331 356, 18 16 356 374, 13 15 374 378, 5 9 378 415, 9 20 416 434, 16 15 434 440, 14 11 440 482, 
2 1 0 10, 3 7 44 83, 18 12 83 114, 6 16 116 147, 16 7 147 152, 7 8 156 165, 5 15 167 191, 4 4 191 199, 18 6 199 245, 16 8 245 261, 10 6 261 271, 9 15 276 290, 6 3 290 304, 6 4 304 321, 11 4 321 342, 3 9 353 383, 2 6 395 433, 12 3 433 438, 15 6 441 484, 
4 13 0 21, 17 13 21 54, 2 7 54 79, 6 5 83 116, 7 20 116 134, 16 6 134 139, 18 2 139 151, 11 1 154 184, 12 9 193 198, 7 9 198 222, 4 8 222 267, 6 2 268 287, 13 12 287 325, 13 14 354 367, 11 5 367 396, 8 8 396 412, 9 5 434 439, 9 6 439 468, 9 12 468 509, 
7 1 0 12, 15 12 12 57, 12 16 108 118, 4 16 127 150, 10 5 154 189, 12 11 216 255, 9 2 255 276, 3 3 278 286, 3 18 291 320, 3 4 320 333, 9 9 333 342, 2 13 356 395, 4 11 395 431, 7 17 431 451, 5 18 451 485, 6 14 485 495, 
13 17 0 15, 2 2 15 21, 5 14 86 97, 9 8 290 329, 16 11 335 365, 7 15 368 379, 6 8 393 431, 1 8 431 478, 15 11 484 490, 17 12 490 507, 
14 1 0 43, 2 4 43 53, 4 3 150 170, 6 20 193 217, 15 14 234 255, 17 8 255 272, 4 10 276 309, 10 9 309 328, 15 7 329 376, 6 7 376 393, 17 20 420 425, 16 16 440 445, 8 9 445 469, 
8 17 0 34, 6 18 57 83, 3 17 89 109, 4 14 109 127, 11 6 127 154, 7 21 165 193, 4 7 199 219, 6 6 250 268, 16 9 268 277, 2 8 290 331, 12 12 331 338, 13 13 338 354, 18 17 374 406, 18 11 406 454, 2 14 454 491, 14 13 491 498, 
16 18 0 18, 8 19 34 50, 16 1 50 91, 15 1 91 109, 13 1 109 150, 17 1 150 194, 5 6 213 241, 3 2 241 268, 12 1 268 297, 18 10 297 324, 16 10 324 335, 7 14 348 368, 1 7 370 409, 6 9 431 446, 17 22 446 463, 12 7 479 494, 
6 17 13 57, 4 2 57 87, 12 17 118 156, 9 1 157 178, 6 19 178 193, 15 2 193 234, 14 9 234 244, 7 10 244 249, 8 3 259 294, 1 4 302 345, 1 6 345 370, 10 10 370 415, 12 4 438 479, 3 12 484 500, 
11 9 6 42, 10 4 42 62, 1 5 62 92, 18 8 114 124, 12 18 156 175, 9 7 178 183, 5 5 191 199, 5 16 199 213, 3 6 286 291, 11 3 309 317, 8 6 317 350, 7 18 451 477, 16 17 477 496, 
6 15 0 13, 1 1 13 23, 16 20 91 106, 3 13 109 142, 5 4 142 167, 14 12 244 273, 11 2 273 309, 16 21 309 323, 13 16 378 391, 15 10 391 441, 10 11 441 458, 
3 16 0 44, 1 2 44 62, 5 3 97 110, 9 14 115 157, 10 2 189 209, 9 17 209 229, 8 2 238 259, 1 3 259 302, 12 5 302 326, 17 10 326 339, 12 2 339 383, 9 11 383 403, 14 10 403 428, 4 12 431 460, 
