10 3 0 22, 12 14 59 64, 17 19 118 124, 2 5 130 163, 15 13 163 172, 3 8 184 190, 11 7 199 239, 3 15 303 313, 18 15 357 373, 16 5 373 398, 7 12 401 428, 15 15 428 470, 8 11 470 485, 
9 13 0 44, 11 8 44 50, 4 1 54 72, 7 19 72 103, 17 18 103 118, 3 5 165 184, 18 14 184 195, 18 3 195 216, 3 14 222 233, 13 18 233 277, 15 9 277 295, 17 17 300 342, 15 5 342 354, 7 11 354 401, 12 6 401 443, 3 11 451 480, 
12 8 0 18, 12 13 18 40, 7 7 40 62, 17 14 62 74, 18 7 74 118, 18 1 118 126, 5 2 150 184, 5 17 184 205, 16 19 205 224, 16 3 224 257, 4 9 275 280, 3 19 283 303, 8 20 303 348, 14 4 359 377, 8 7 377 412, 3 10 412 451, 14 8 499 507, 
5 1 0 29, 6 1 29 62, 8 1 62 112, 12 10 112 130, 3 1 136 165, 14 11 165 207, 2 3 210 250, 9 16 250 292, 2 12 292 317, 16 4 317 357, 14 5 377 386, 18 16 386 404, 10 1 404 437, 5 9 437 474, 13 15 474 478, 9 20 486 504, 
18 12 0 31, 2 1 31 41, 3 7 44 83, 7 8 103 112, 5 15 112 136, 6 3 139 153, 6 16 153 184, 4 4 184 192, 6 4 201 218, 9 15 218 232, 18 6 232 278, 11 4 283 304, 2 6 317 355, 3 9 355 385, 8 10 428 451, 12 3 451 456, 15 6 470 513, 
17 13 0 33, 4 13 33 54, 12 9 54 59, 6 5 62 95, 2 7 95 120, 6 2 120 139, 7 20 139 157, 18 2 157 169, 11 1 169 199, 15 3 199 216, 4 8 230 275, 13 12 277 315, 7 9 315 339, 9 6 339 368, 11 5 368 397, 8 8 412 428, 13 14 428 441, 9 12 445 486, 
7 1 0 12, 16 2 41 73, 15 12 93 138, 4 16 150 173, 9 2 175 196, 15 4 216 224, 3 3 233 241, 3 4 241 254, 3 18 254 283, 12 11 303 342, 2 13 355 394, 4 11 394 430, 6 14 470 480, 5 18 480 514, 
13 17 0 15, 5 14 29 40, 15 8 47 75, 2 2 163 169, 6 10 281 295, 15 11 316 322, 1 8 398 445, 17 12 460 477, 
15 7 0 47, 2 4 120 130, 4 3 130 150, 6 7 184 201, 12 15 201 240, 10 9 240 259, 17 20 282 287, 15 14 295 316, 14 1 316 359, 4 10 359 392, 7 13 428 446, 6 20 446 470, 14 7 470 499, 
8 17 0 34, 6 6 95 113, 3 17 116 136, 11 6 136 163, 2 8 169 210, 4 7 210 230, 7 21 230 258, 17 2 287 300, 18 11 309 357, 12 12 366 373, 6 18 373 399, 13 13 399 415, 14 13 415 422, 2 14 422 459, 18 17 459 491, 
16 1 0 41, 15 1 75 93, 13 1 93 134, 12 1 134 163, 16 18 163 181, 3 2 195 222, 8 19 222 238, 17 1 238 282, 18 10 282 309, 17 22 342 359, 1 7 359 398, 5 6 398 426, 6 9 426 441, 17 7 441 460, 12 7 497 512, 
14 9 0 10, 9 1 44 65, 4 2 72 102, 4 15 102 126, 10 7 126 158, 8 3 158 193, 10 8 193 237, 6 17 237 281, 1 4 281 324, 1 6 324 349, 7 10 349 354, 10 10 354 399, 6 19 399 414, 12 4 456 497, 3 12 497 513, 
1 5 62 92, 11 9 92 128, 9 7 128 133, 5 16 136 150, 3 6 190 195, 9 3 196 216, 8 6 238 271, 11 3 275 283, 12 18 284 303, 5 5 322 330, 17 6 359 405, 7 18 446 472, 
1 1 0 10, 6 15 10 23, 3 13 83 116, 11 2 239 275, 16 20 275 290, 5 4 297 322, 14 12 386 415, 9 10 415 425, 16 21 425 439, 13 16 478 491, 10 11 491 508, 
3 16 0 44, 1 2 44 62, 14 10 62 87, 8 2 112 133, 9 14 133 175, 1 3 175 218, 18 9 218 231, 12 2 240 284, 5 3 284 297, 12 5 342 366, 9 17 368 388, 9 11 425 445, 10 2 445 465, 4 12 465 494, 
