3 8 83 89, 12 14 89 94, 2 5 94 127, 18 4 145 158, 10 3 158 180, 11 7 180 220, 3 15 222 232, 18 15 249 265, 15 13 315 324, 15 15 324 366, 17 11 366 390, 7 12 391 418, 17 16 418 423, 8 11 477 492, 
17 18 0 15, 4 1 21 39, 7 19 39 70, 9 13 75 119, 11 8 136 142, 3 14 142 153, 13 18 153 197, 18 14 238 249, 3 11 249 278, 9 18 278 288, 9 19 288 297, 15 9 297 315, 17 9 315 344, 7 11 344 391, 12 6 391 433, 3 5 433 452, 17 17 452 494, 
12 13 0 22, 12 8 22 40, 18 1 40 48, 17 21 48 63, 8 20 63 108, 7 7 108 130, 9 4 166 179, 3 10 183 222, 14 4 222 240, 4 9 241 246, 18 7 265 309, 3 19 333 353, 8 7 353 388, 16 19 406 425, 5 17 425 446, 14 8 447 455, 
10 1 0 33, 9 16 33 75, 5 1 75 104, 8 1 108 158, 12 10 158 176, 2 3 176 216, 5 10 216 245, 14 5 245 254, 6 1 264 297, 2 12 297 322, 18 16 322 340, 3 1 353 382, 14 11 382 424, 16 15 425 431, 13 15 437 441, 9 20 441 459, 
2 1 0 10, 5 15 11 35, 3 7 44 83, 6 16 83 114, 18 12 114 145, 4 4 145 153, 3 9 153 183, 7 8 183 192, 18 6 192 238, 16 7 238 243, 10 6 243 253, 2 6 257 295, 16 8 295 311, 11 4 311 332, 6 3 396 410, 9 15 424 438, 12 3 440 445, 15 6 445 488, 6 4 488 505, 
4 13 0 21, 11 1 21 51, 12 9 51 56, 2 7 57 82, 7 20 82 100, 16 6 100 105, 17 13 105 138, 6 5 158 191, 9 5 191 196, 4 8 196 241, 7 9 241 265, 13 12 265 303, 9 6 303 332, 6 2 338 357, 5 12 357 383, 9 12 383 424, 13 14 424 437, 8 8 437 453, 11 5 453 482, 
7 1 0 12, 8 18 34 49, 4 16 107 130, 9 2 130 151, 15 12 151 196, 10 5 200 235, 12 11 265 304, 3 18 304 333, 2 13 333 372, 4 11 372 408, 6 14 410 420, 5 18 446 480, 3 3 484 492, 3 4 492 505, 
5 14 0 11, 13 17 11 26, 15 8 47 75, 2 2 82 88, 6 8 226 264, 1 8 277 324, 16 11 358 388, 17 12 390 407, 17 15 407 414, 15 11 488 494, 
15 7 0 47, 2 4 47 57, 4 3 87 107, 14 1 107 150, 18 5 158 175, 17 8 182 199, 6 7 209 226, 12 15 226 265, 15 14 265 286, 10 9 286 305, 4 10 305 338, 14 7 338 367, 6 20 372 396, 7 13 418 436, 16 16 436 441, 8 9 453 477, 
8 17 0 34, 4 14 69 87, 3 17 89 109, 11 6 109 136, 4 7 153 173, 6 6 191 209, 2 8 216 257, 7 21 270 298, 6 18 312 338, 16 9 338 347, 13 13 347 363, 18 17 363 395, 2 14 395 432, 12 12 433 440, 14 13 440 447, 18 11 447 495, 
16 1 0 41, 12 1 56 85, 17 22 85 102, 17 1 138 182, 13 1 197 238, 1 7 238 277, 6 9 297 312, 16 10 347 358, 15 1 366 384, 16 18 388 406, 18 10 408 435, 3 2 457 484, 12 7 486 501, 
14 9 0 10, 9 1 10 31, 4 2 39 69, 6 17 114 158, 1 4 158 201, 1 6 201 226, 8 3 226 261, 7 10 265 270, 3 12 278 294, 10 10 305 350, 6 19 357 372, 15 2 384 425, 12 4 445 486, 
1 5 62 92, 5 16 104 118, 11 3 142 150, 9 7 151 156, 10 4 180 200, 11 9 220 256, 8 6 261 294, 12 18 348 367, 3 6 452 457, 16 17 457 476, 7 18 476 502, 
1 1 0 10, 6 15 10 23, 14 12 23 52, 11 2 52 88, 3 13 109 142, 9 10 156 166, 5 11 245 286, 10 11 350 367, 5 13 383 401, 13 16 441 454, 16 20 476 491, 16 21 491 505, 
3 16 0 44, 1 2 44 62, 10 2 62 82, 1 3 92 135, 8 2 158 179, 9 11 196 216, 9 14 216 258, 14 10 258 283, 17 10 283 296, 12 2 304 348, 12 5 367 391, 18 9 395 408, 4 12 408 437, 
