2 5 45 78, 12 14 78 83, 10 3 83 105, 15 13 105 114, 11 7 114 154, 3 8 164 170, 15 15 290 332, 17 19 332 338, 7 12 338 365, 18 15 400 416, 3 15 416 426, 17 16 426 431, 16 5 431 456, 8 11 456 471, 
4 1 0 18, 13 18 18 62, 11 8 62 68, 7 19 88 119, 9 13 119 163, 2 9 163 173, 18 3 173 194, 12 6 194 236, 7 11 236 283, 17 18 283 298, 3 5 305 324, 15 9 332 350, 3 14 350 361, 18 14 389 400, 3 11 426 455, 17 17 455 497, 
18 7 0 44, 12 13 44 66, 7 7 66 88, 18 1 88 96, 14 4 96 114, 12 8 114 132, 8 20 132 177, 3 19 255 275, 16 3 275 308, 4 9 333 338, 8 7 338 373, 3 10 373 412, 5 17 412 433, 14 8 461 469, 
10 1 0 33, 9 16 33 75, 6 1 75 108, 5 1 108 137, 5 10 137 166, 3 1 170 199, 8 1 199 249, 2 3 249 289, 12 10 289 307, 14 5 307 316, 16 4 316 356, 14 11 356 398, 13 15 398 402, 18 16 416 434, 14 6 434 461, 9 20 491 509, 
2 1 0 10, 6 16 23 54, 5 15 54 78, 3 7 92 131, 7 8 159 168, 10 6 175 185, 9 15 205 219, 4 4 219 227, 18 12 242 273, 3 9 275 305, 2 6 305 343, 18 6 343 389, 12 3 409 414, 15 6 414 457, 11 4 457 478, 6 3 489 503, 6 4 503 520, 
2 7 10 35, 4 13 35 56, 17 13 56 89, 18 2 96 108, 6 5 108 141, 7 20 141 159, 12 9 159 164, 7 9 168 192, 13 12 192 230, 11 1 230 260, 5 12 260 286, 4 8 288 333, 6 2 334 353, 13 14 353 366, 2 11 367 405, 8 8 405 421, 9 6 421 450, 9 12 450 491, 11 5 491 520, 
7 1 0 12, 15 12 12 57, 8 18 57 72, 16 2 85 117, 4 16 117 140, 10 5 140 175, 3 18 226 255, 9 2 255 276, 3 3 324 332, 12 11 370 409, 4 11 409 445, 5 18 445 479, 6 14 479 489, 3 4 493 506, 
13 17 0 15, 5 14 15 26, 2 2 78 84, 15 8 262 290, 6 10 320 334, 17 15 360 367, 17 12 386 403, 1 8 403 450, 15 11 457 463, 
2 4 35 45, 14 1 45 88, 15 14 114 135, 15 7 135 182, 4 3 182 202, 6 7 214 231, 12 15 236 275, 10 9 275 294, 17 20 338 343, 4 10 343 376, 6 20 376 400, 7 13 400 418, 8 9 421 445, 
8 17 0 34, 11 6 34 61, 3 17 72 92, 2 8 92 133, 6 6 141 159, 17 2 159 172, 18 11 194 242, 6 18 242 268, 4 7 268 288, 13 13 288 304, 7 21 365 393, 12 12 414 421, 14 13 427 434, 2 14 434 471, 18 17 471 503, 
17 1 0 44, 16 1 44 85, 12 1 85 114, 18 10 114 141, 13 1 141 182, 3 2 199 226, 16 18 226 244, 15 1 244 262, 1 7 262 301, 17 22 343 360, 17 7 367 386, 6 9 400 415, 12 7 477 492, 
9 1 0 21, 14 9 21 31, 1 6 58 83, 4 15 83 107, 4 2 140 170, 6 17 170 214, 7 10 214 219, 1 4 219 262, 8 3 270 305, 6 19 305 320, 15 2 350 391, 10 10 391 436, 12 4 436 477, 3 12 477 493, 
1 5 28 58, 9 7 75 80, 10 4 105 125, 17 6 172 218, 5 16 218 232, 9 3 276 296, 11 3 296 304, 8 6 305 338, 3 6 338 343, 12 18 351 370, 11 9 370 406, 7 18 418 444, 
1 1 0 10, 6 15 10 23, 3 13 131 164, 5 11 166 207, 9 10 219 229, 16 20 244 259, 11 2 260 296, 5 13 296 314, 2 10 343 367, 16 21 367 381, 14 12 398 427, 10 11 436 453, 13 16 453 466, 
1 2 10 28, 3 16 28 72, 18 9 72 85, 1 3 85 128, 12 5 132 156, 9 14 163 205, 10 2 205 225, 9 11 229 249, 8 2 249 270, 14 10 270 295, 12 2 307 351, 9 17 351 371, 4 12 445 474, 
