11 7 27 67, 3 8 83 89, 18 4 89 102, 15 13 135 144, 10 3 154 176, 3 15 214 224, 2 5 224 257, 17 16 299 304, 18 15 340 356, 12 14 370 375, 15 15 442 484, 8 11 490 505, 
4 1 0 18, 17 18 18 33, 7 19 33 64, 9 18 71 81, 12 6 81 123, 9 19 123 132, 13 18 132 176, 18 14 176 187, 11 8 187 193, 7 5 193 203, 3 14 203 214, 9 13 246 290, 3 11 320 349, 7 11 352 399, 3 5 405 424, 15 9 424 442, 17 17 455 497, 
18 1 0 8, 18 7 39 83, 16 19 95 114, 12 8 123 141, 17 21 154 169, 14 4 169 187, 4 9 236 241, 3 19 253 273, 14 8 273 281, 3 10 281 320, 12 13 327 349, 8 7 349 384, 5 17 384 405, 8 20 405 450, 
5 1 0 29, 9 16 29 71, 8 1 71 121, 10 1 121 154, 5 10 154 183, 9 20 183 201, 12 10 201 219, 14 5 219 228, 6 1 230 263, 7 6 263 309, 2 12 309 334, 14 11 334 376, 3 1 376 405, 16 15 405 411, 13 15 411 415, 2 3 415 455, 18 16 461 479, 
18 12 8 39, 3 7 44 83, 5 15 83 107, 2 1 107 117, 16 7 117 122, 16 8 122 138, 4 4 138 146, 7 2 160 166, 3 9 173 203, 12 3 219 224, 6 16 263 294, 18 6 294 340, 10 6 340 350, 15 6 354 397, 11 4 397 418, 6 3 421 435, 9 15 440 454, 2 6 455 493, 6 4 493 510, 
4 13 18 39, 6 5 39 72, 16 6 72 77, 17 13 77 110, 2 7 117 142, 7 20 142 160, 12 9 186 191, 4 8 191 236, 5 12 238 264, 13 12 271 309, 11 1 309 339, 9 6 339 368, 13 14 368 381, 6 2 402 421, 11 5 421 450, 8 8 450 466, 9 12 466 507, 
7 1 0 12, 4 16 63 86, 15 12 90 135, 9 2 135 156, 7 4 166 193, 3 18 224 253, 10 5 253 288, 12 11 288 327, 6 14 327 337, 2 13 337 376, 8 18 384 399, 4 11 399 435, 7 17 435 455, 5 18 455 489, 3 3 489 497, 3 4 497 510, 
13 17 0 15, 5 14 29 40, 6 10 201 215, 17 15 221 228, 2 2 257 263, 16 11 296 326, 15 8 326 354, 7 15 419 430, 17 12 438 455, 1 8 455 502, 15 11 502 508, 
14 1 0 43, 15 7 43 90, 4 3 116 136, 6 7 140 157, 2 4 157 167, 18 5 214 231, 14 7 231 260, 4 10 260 293, 15 14 302 323, 10 9 350 369, 6 20 378 402, 16 16 411 416, 12 15 419 458, 8 9 466 490, 
11 6 0 27, 3 17 89 109, 6 6 109 127, 16 9 138 147, 4 7 147 167, 2 8 167 208, 17 2 208 221, 7 21 221 249, 8 17 249 283, 13 13 309 325, 6 18 337 363, 12 12 363 370, 2 14 376 413, 18 11 413 461, 14 13 461 468, 18 17 479 511, 
12 1 0 29, 16 1 29 70, 16 18 77 95, 17 1 110 154, 15 1 154 172, 18 10 187 214, 6 9 215 230, 13 1 230 271, 16 10 271 282, 17 22 282 299, 1 7 347 386, 7 14 399 419, 17 7 419 438, 3 2 440 467, 12 7 467 482, 
9 1 0 21, 4 15 39 63, 14 9 63 73, 4 2 86 116, 6 17 157 201, 8 3 201 236, 1 6 236 261, 15 2 261 302, 1 4 304 347, 7 10 347 352, 6 19 363 378, 12 4 378 419, 3 12 424 440, 10 10 440 485, 
18 8 102 112, 1 5 112 142, 5 16 183 197, 9 7 201 206, 10 4 206 226, 9 3 226 246, 11 9 246 282, 8 6 283 316, 17 6 316 362, 11 3 375 383, 16 17 416 435, 3 6 467 472, 7 18 472 498, 12 18 498 517, 
1 1 0 10, 14 12 73 102, 6 15 127 140, 3 13 140 173, 16 20 173 188, 5 11 197 238, 5 13 264 282, 16 21 282 296, 11 2 339 375, 9 10 410 420, 13 16 420 433, 10 11 485 502, 
3 16 0 44, 12 5 44 68, 1 2 68 86, 8 2 121 142, 12 2 142 186, 10 2 186 206, 1 3 261 304, 14 10 304 329, 9 14 368 410, 9 11 420 440, 4 12 440 469, 
