10 3 0 22, 12 14 59 64, 2 5 130 163, 15 13 163 172, 17 19 172 178, 3 8 184 190, 11 7 199 239, 3 15 303 313, 7 12 342 369, 18 15 369 385, 15 15 396 438, 16 5 438 463, 8 11 467 482, 
11 8 0 6, 4 1 21 39, 9 13 39 83, 7 19 83 114, 17 18 114 129, 3 5 165 184, 18 14 184 195, 18 3 195 216, 3 14 222 233, 13 18 233 277, 15 9 277 295, 7 11 295 342, 17 17 342 384, 15 5 384 396, 12 6 396 438, 3 11 451 480, 
12 8 0 18, 12 13 18 40, 7 7 40 62, 17 14 62 74, 18 7 74 118, 18 1 118 126, 5 2 133 167, 5 17 167 188, 16 19 188 207, 16 3 207 240, 3 19 283 303, 4 9 307 312, 8 20 312 357, 14 4 359 377, 8 7 377 412, 3 10 412 451, 14 8 494 502, 
5 1 0 29, 6 1 29 62, 8 1 62 112, 12 10 112 130, 3 1 136 165, 14 11 165 207, 2 3 210 250, 9 16 250 292, 2 12 292 317, 16 4 317 357, 14 5 377 386, 18 16 386 404, 10 1 404 437, 5 9 437 474, 13 15 474 478, 9 20 486 504, 
18 12 0 31, 2 1 31 41, 3 7 44 83, 5 15 83 107, 7 8 114 123, 6 3 139 153, 6 16 153 184, 4 4 184 192, 6 4 201 218, 9 15 218 232, 18 6 232 278, 11 4 283 304, 2 6 317 355, 3 9 355 385, 12 3 438 443, 8 10 444 467, 15 6 467 510, 
4 13 0 21, 17 13 21 54, 12 9 54 59, 6 5 62 95, 2 7 95 120, 6 2 120 139, 7 20 139 157, 18 2 157 169, 11 1 169 199, 15 3 199 216, 7 9 238 262, 4 8 262 307, 13 12 307 345, 9 6 345 374, 11 5 374 403, 13 14 415 428, 8 8 428 444, 9 12 445 486, 
7 1 0 12, 16 2 41 73, 15 12 93 138, 4 16 138 161, 9 2 175 196, 15 4 216 224, 3 3 233 241, 3 4 241 254, 3 18 254 283, 12 11 303 342, 2 13 355 394, 4 11 420 456, 6 14 465 475, 5 18 475 509, 
13 17 0 15, 5 14 29 40, 15 8 47 75, 2 2 163 169, 6 10 269 283, 15 11 316 322, 1 8 381 428, 17 12 491 508, 
15 7 0 47, 4 3 93 113, 2 4 120 130, 6 7 184 201, 12 15 201 240, 10 9 240 259, 17 20 285 290, 15 14 295 316, 14 1 316 359, 7 13 369 387, 4 10 387 420, 6 20 441 465, 14 7 465 494, 
8 17 0 34, 11 6 42 69, 6 6 95 113, 3 17 116 136, 2 8 169 210, 7 21 210 238, 4 7 238 258, 17 2 290 303, 18 11 312 360, 12 12 366 373, 6 18 373 399, 13 13 399 415, 14 13 415 422, 2 14 422 459, 18 17 459 491, 
16 1 0 41, 15 1 75 93, 13 1 93 134, 12 1 134 163, 16 18 163 181, 3 2 195 222, 8 19 225 241, 17 1 241 285, 18 10 285 312, 1 7 342 381, 5 6 381 409, 17 22 409 426, 6 9 426 441, 17 7 472 491, 12 7 491 506, 
14 9 0 10, 4 2 39 69, 4 15 69 93, 9 1 93 114, 10 7 114 146, 10 8 146 190, 8 3 190 225, 6 17 225 269, 7 10 269 274, 1 4 274 317, 1 6 317 342, 10 10 342 387, 6 19 399 414, 12 4 443 484, 3 12 484 500, 
11 9 6 42, 1 5 62 92, 9 7 114 119, 5 16 119 133, 3 6 190 195, 9 3 196 216, 8 6 241 274, 11 3 275 283, 12 18 284 303, 5 5 322 330, 7 18 387 413, 17 6 426 472, 
1 1 0 10, 6 15 10 23, 3 13 83 116, 11 2 239 275, 16 20 275 290, 5 4 297 322, 14 12 386 415, 9 10 415 425, 16 21 463 477, 10 11 477 494, 13 16 494 507, 
3 16 0 44, 1 2 44 62, 14 10 62 87, 8 2 112 133, 9 14 133 175, 1 3 175 218, 18 9 218 231, 12 2 240 284, 5 3 284 297, 12 5 342 366, 9 17 374 394, 9 11 425 445, 10 2 445 465, 4 12 465 494, 
