10 3 0 22, 11 7 63 103, 18 4 154 167, 3 8 199 205, 17 16 231 236, 2 5 236 269, 18 15 306 322, 15 13 324 333, 17 19 338 344, 15 15 344 386, 16 14 386 403, 3 15 456 466, 
4 1 0 18, 7 19 18 49, 11 8 57 63, 2 9 68 78, 9 13 78 122, 18 14 122 133, 3 5 141 160, 12 6 191 233, 13 18 233 277, 17 18 277 292, 7 11 292 339, 17 17 344 386, 3 11 416 445, 3 14 445 456, 15 9 456 474, 
18 1 0 8, 18 7 8 52, 14 4 52 70, 12 8 97 115, 8 20 128 173, 7 7 173 195, 8 12 195 238, 12 13 274 296, 3 19 309 329, 4 9 334 339, 3 10 339 378, 5 17 429 450, 14 8 450 458, 
3 1 0 29, 8 1 29 79, 6 1 90 123, 5 1 123 152, 9 16 152 194, 5 10 194 223, 14 5 223 232, 10 1 241 274, 2 3 275 315, 12 10 319 337, 16 13 337 381, 9 20 381 399, 14 11 401 443, 16 15 443 449, 18 16 450 468, 13 15 468 472, 
5 15 11 35, 18 12 52 83, 2 1 102 112, 15 6 112 155, 12 3 155 160, 3 7 160 199, 7 8 199 208, 6 3 208 222, 4 4 222 230, 3 9 230 260, 18 6 260 306, 11 4 306 327, 2 6 327 365, 6 16 386 417, 9 15 417 431, 6 4 468 485, 
2 7 0 25, 11 1 27 57, 6 5 57 90, 7 20 90 108, 4 13 108 129, 2 11 129 167, 6 2 167 186, 12 9 186 191, 17 13 191 224, 16 6 224 229, 7 9 236 260, 9 6 260 289, 4 8 289 334, 13 12 334 372, 5 12 372 398, 13 14 402 415, 9 12 431 472, 11 5 472 501, 
7 1 0 12, 3 3 74 82, 8 18 113 128, 9 2 128 149, 4 16 179 202, 15 12 202 247, 3 18 280 309, 12 16 309 319, 12 11 337 376, 4 11 376 412, 6 14 417 427, 7 17 427 447, 5 18 450 484, 3 4 484 497, 
5 14 0 11, 13 17 11 26, 17 15 224 231, 6 10 239 253, 2 2 269 275, 15 8 386 414, 1 8 430 477, 15 11 477 483, 17 12 483 500, 
14 1 0 43, 2 4 112 122, 10 9 139 158, 4 3 202 222, 6 7 222 239, 18 5 239 256, 15 14 256 277, 15 7 277 324, 4 10 339 372, 14 7 372 401, 17 20 401 406, 6 20 444 468, 16 16 468 473, 
11 6 0 27, 2 8 27 68, 8 17 79 113, 17 2 118 131, 4 14 131 149, 6 6 149 167, 2 14 167 204, 7 21 208 236, 4 7 236 256, 3 17 260 280, 8 15 280 316, 8 13 316 360, 6 18 360 386, 13 13 386 402, 18 11 402 450, 14 13 458 465, 12 12 465 472, 18 17 472 504, 
12 1 0 29, 15 1 29 47, 3 2 47 74, 17 1 74 118, 16 1 118 159, 16 18 159 177, 18 10 177 204, 6 9 253 268, 13 1 277 318, 7 14 339 359, 1 7 391 430, 17 7 430 449, 12 7 449 464, 17 22 464 481, 
9 1 0 21, 10 7 22 54, 15 2 54 95, 10 8 95 139, 14 9 139 149, 4 2 149 179, 10 10 179 224, 12 4 233 274, 7 10 274 279, 6 17 279 323, 1 6 323 348, 1 4 348 391, 12 17 391 429, 6 19 429 444, 3 12 466 482, 
5 16 35 49, 11 3 139 147, 11 9 147 183, 9 7 194 199, 9 3 199 219, 1 5 219 249, 17 6 292 338, 3 6 411 416, 12 18 429 448, 7 18 448 474, 16 17 474 493, 
1 1 0 10, 2 10 78 102, 11 2 103 139, 6 15 186 199, 16 20 199 214, 10 11 224 241, 5 11 241 282, 9 10 289 299, 16 21 299 313, 16 12 313 337, 14 12 337 366, 7 16 366 376, 3 13 378 411, 5 13 411 429, 8 14 429 460, 8 16 460 488, 13 16 488 501, 
1 2 10 28, 12 2 29 73, 12 5 73 97, 3 16 97 141, 18 9 141 154, 1 3 154 197, 14 10 197 222, 10 2 274 294, 9 11 299 319, 9 17 319 339, 9 14 339 381, 4 12 412 441, 
