10 3 0 22, 3 8 83 89, 2 5 89 122, 11 7 184 224, 18 15 245 261, 3 15 268 278, 15 13 278 287, 15 15 287 329, 17 19 376 382, 17 11 382 406, 8 11 436 451, 
11 8 0 6, 17 18 6 21, 4 1 21 39, 7 19 39 70, 9 13 71 115, 18 14 124 135, 18 3 151 172, 3 14 183 194, 3 5 194 213, 13 18 213 257, 17 9 257 286, 7 11 286 333, 17 17 334 376, 12 6 382 424, 3 11 454 483, 
18 1 0 8, 18 7 8 52, 5 2 52 86, 12 13 86 108, 14 4 108 126, 7 7 134 156, 17 14 156 168, 12 8 175 193, 8 20 193 238, 5 17 241 262, 4 9 267 272, 3 19 333 353, 14 8 353 361, 8 7 361 396, 9 4 402 415, 3 10 415 454, 
5 1 0 29, 9 16 29 71, 8 1 71 121, 10 1 121 154, 3 1 154 183, 12 10 198 216, 6 1 217 250, 2 3 250 290, 14 5 290 299, 14 6 299 326, 2 12 331 356, 18 16 356 374, 5 9 374 411, 13 15 411 415, 9 20 415 433, 16 15 433 439, 14 11 439 481, 
2 1 0 10, 3 7 44 83, 18 12 83 114, 6 16 116 147, 16 7 147 152, 7 8 156 165, 5 15 167 191, 4 4 191 199, 18 6 199 245, 16 8 245 261, 10 6 261 271, 9 15 276 290, 6 3 290 304, 6 4 304 321, 11 4 321 342, 3 9 353 383, 2 6 395 433, 12 3 433 438, 15 6 438 481, 
4 13 0 21, 17 13 21 54, 2 7 54 79, 6 5 83 116, 7 20 116 134, 16 6 134 139, 18 2 139 151, 11 1 154 184, 12 9 193 198, 7 9 198 222, 4 8 222 267, 6 2 268 287, 13 12 287 325, 13 14 354 367, 11 5 367 396, 8 8 396 412, 9 5 433 438, 9 6 438 467, 9 12 467 508, 
7 1 0 12, 15 12 12 57, 12 16 108 118, 4 16 127 150, 10 5 154 189, 12 11 216 255, 9 2 255 276, 3 3 278 286, 3 18 291 320, 3 4 320 333, 9 9 333 342, 2 13 356 395, 4 11 395 431, 7 17 431 451, 5 18 451 485, 6 14 485 495, 
2 2 10 16, 13 17 16 31, 5 14 86 97, 9 8 290 329, 7 15 353 364, 16 11 364 394, 6 8 394 432, 1 8 432 479, 15 11 481 487, 17 12 487 504, 
14 1 0 43, 2 4 43 53, 4 3 150 170, 17 8 170 187, 6 20 193 217, 15 14 234 255, 4 10 272 305, 10 9 305 324, 15 7 329 376, 6 7 376 393, 17 20 406 411, 8 9 412 436, 16 16 439 444, 
8 17 0 34, 6 18 57 83, 3 17 89 109, 4 14 109 127, 11 6 127 154, 7 21 165 193, 4 7 199 219, 6 6 250 268, 16 9 268 277, 2 8 290 331, 12 12 331 338, 13 13 338 354, 18 17 374 406, 18 11 406 454, 2 14 454 491, 14 13 491 498, 
16 18 0 18, 8 19 34 50, 16 1 50 91, 15 1 91 109, 17 1 109 153, 13 1 153 194, 5 6 213 241, 3 2 241 268, 12 1 268 297, 18 10 297 324, 7 14 333 353, 16 10 353 364, 1 7 364 403, 17 22 411 428, 6 9 432 447, 12 7 479 494, 
6 17 13 57, 4 2 57 87, 12 17 118 156, 9 1 157 178, 6 19 178 193, 15 2 193 234, 14 9 234 244, 7 10 244 249, 8 3 261 296, 1 4 296 339, 1 6 339 364, 10 10 364 409, 12 4 438 479, 3 12 483 499, 
11 9 6 42, 10 4 42 62, 1 5 62 92, 18 8 114 124, 12 18 156 175, 9 7 178 183, 5 5 191 199, 5 16 199 213, 3 6 286 291, 11 3 309 317, 8 6 317 350, 7 18 451 477, 16 17 477 496, 
6 15 0 13, 1 1 13 23, 16 20 91 106, 3 13 109 142, 5 4 142 167, 14 12 244 273, 11 2 273 309, 16 21 309 323, 15 10 376 426, 13 16 426 439, 10 11 439 456, 
3 16 0 44, 1 2 44 62, 5 3 97 110, 9 14 115 157, 1 3 157 200, 10 2 200 220, 9 17 220 240, 8 2 240 261, 12 5 297 321, 17 10 321 334, 12 2 338 382, 9 11 382 402, 14 10 402 427, 4 12 431 460, 
