12 14 30 35, 17 16 40 45, 10 3 45 67, 3 8 95 101, 14 2 101 111, 15 13 113 122, 11 7 156 196, 18 15 196 212, 18 4 212 225, 15 15 225 267, 2 5 267 300, 17 19 300 306, 3 15 357 367, 17 11 367 391, 16 5 406 431, 
4 1 0 18, 7 19 18 49, 11 8 63 69, 17 17 69 111, 9 13 111 155, 17 18 155 170, 18 14 170 181, 13 18 181 225, 3 14 235 246, 3 5 254 273, 15 9 273 291, 17 9 306 335, 7 11 343 390, 12 6 390 432, 9 18 432 442, 9 19 442 451, 3 11 453 482, 
18 1 0 8, 12 13 8 30, 12 8 35 53, 18 7 104 148, 16 3 148 181, 8 12 204 247, 7 7 247 269, 4 9 314 319, 8 20 319 364, 3 10 385 424, 5 17 424 445, 14 8 448 456, 3 19 498 518, 
10 1 0 33, 6 1 33 66, 3 1 66 95, 5 1 95 124, 2 12 129 154, 8 1 154 204, 12 10 204 222, 5 10 222 251, 14 3 251 259, 9 16 264 306, 18 16 306 324, 14 11 324 366, 16 4 366 406, 13 15 406 410, 14 5 410 419, 2 3 419 459, 9 20 459 477, 
2 1 0 10, 3 7 10 49, 5 15 49 73, 18 12 73 104, 4 4 133 141, 6 16 144 175, 10 6 175 185, 3 9 205 235, 9 15 250 264, 7 8 269 278, 11 4 278 299, 18 6 341 387, 15 6 387 430, 12 3 432 437, 6 3 441 455, 6 4 455 472, 2 6 472 510, 
17 13 0 33, 11 1 33 63, 2 7 63 88, 7 20 88 106, 13 12 106 144, 4 13 176 197, 12 9 197 202, 6 5 236 269, 4 8 269 314, 7 9 314 338, 13 14 338 351, 5 12 351 377, 9 6 392 421, 6 2 422 441, 11 5 441 470, 9 12 477 518, 
7 1 0 12, 15 12 47 92, 8 18 92 107, 16 2 107 139, 10 5 139 174, 2 13 182 221, 3 3 246 254, 12 11 254 293, 4 16 319 342, 9 2 342 363, 3 4 372 385, 4 11 385 421, 3 18 424 453, 7 17 453 473, 5 18 473 507, 6 14 508 518, 
5 14 0 11, 17 15 33 40, 15 8 122 150, 13 17 150 165, 15 11 291 297, 2 2 337 343, 17 12 391 408, 6 10 408 422, 7 15 422 433, 1 8 433 480, 
15 7 0 47, 14 1 47 90, 15 14 92 113, 4 3 113 133, 12 15 133 172, 2 4 172 182, 17 8 182 199, 10 9 199 218, 6 20 269 293, 18 5 324 341, 4 10 342 375, 6 7 391 408, 17 20 408 413, 14 7 419 448, 
8 17 0 34, 2 8 88 129, 11 6 129 156, 4 7 156 176, 6 18 176 202, 7 21 202 230, 13 13 230 246, 8 13 247 291, 2 14 300 337, 3 17 337 357, 12 12 357 364, 14 13 366 373, 6 6 373 391, 18 17 391 423, 8 15 423 459, 18 11 459 507, 
16 18 0 18, 16 1 18 59, 13 1 59 100, 17 1 111 155, 3 2 178 205, 12 1 222 251, 18 10 251 278, 15 1 297 315, 1 7 324 363, 7 14 390 410, 17 22 413 430, 12 7 478 493, 6 9 493 508, 
9 1 0 21, 4 2 21 51, 14 9 90 100, 6 17 100 144, 1 6 144 169, 4 15 197 221, 6 19 221 236, 10 10 236 281, 1 4 281 324, 7 10 338 343, 15 2 343 384, 12 4 437 478, 3 12 482 498, 
9 7 21 26, 10 4 67 87, 1 5 87 117, 12 18 172 191, 11 9 196 232, 18 8 232 242, 5 16 251 265, 11 3 268 276, 3 6 367 372, 9 3 372 392, 7 18 473 499, 
1 1 0 10, 6 15 66 79, 3 13 145 178, 9 10 178 188, 14 12 188 217, 11 2 232 268, 5 11 268 309, 8 14 364 395, 5 13 395 413, 13 16 413 426, 16 20 431 446, 16 21 446 460, 10 11 460 477, 8 16 477 505, 
1 2 10 28, 1 3 28 71, 3 16 101 145, 14 10 145 170, 9 14 188 230, 9 11 230 250, 17 10 250 263, 12 2 293 337, 10 2 337 357, 12 5 364 388, 4 12 421 450, 
