12 14 30 35, 17 16 40 45, 10 3 45 67, 3 8 95 101, 14 2 101 111, 15 13 131 140, 11 7 156 196, 18 15 196 212, 18 4 212 225, 15 15 225 267, 2 5 267 300, 17 19 300 306, 3 15 311 321, 17 11 335 359, 
4 1 0 18, 7 19 18 49, 11 8 63 69, 17 17 69 111, 9 13 111 155, 17 18 155 170, 18 14 170 181, 13 18 183 227, 3 14 235 246, 3 5 254 273, 15 9 273 291, 17 9 306 335, 7 11 343 390, 12 6 390 432, 9 18 432 442, 9 19 442 451, 3 11 451 480, 
18 1 0 8, 12 13 8 30, 12 8 35 53, 16 19 59 78, 18 7 104 148, 8 12 204 247, 7 7 247 269, 4 9 314 319, 8 20 319 364, 3 10 376 415, 14 8 442 450, 5 17 450 471, 3 19 496 516, 
10 1 0 33, 6 1 33 66, 3 1 66 95, 5 1 95 124, 2 12 129 154, 8 1 154 204, 12 10 204 222, 5 10 222 251, 14 3 251 259, 9 16 264 306, 18 16 306 324, 14 11 324 366, 16 15 366 372, 13 15 384 388, 14 5 388 397, 2 3 397 437, 9 20 451 469, 
2 1 0 10, 3 7 10 49, 5 15 49 73, 18 12 73 104, 16 7 104 109, 4 4 110 118, 6 16 144 175, 10 6 175 185, 16 8 185 201, 3 9 205 235, 9 15 250 264, 7 8 269 278, 11 4 303 324, 18 6 341 387, 15 6 387 430, 12 3 432 437, 6 3 446 460, 6 4 460 477, 2 6 477 515, 
17 13 0 33, 11 1 33 63, 2 7 63 88, 16 6 88 93, 13 12 100 138, 7 20 138 156, 4 13 176 197, 12 9 197 202, 6 5 236 269, 4 8 269 314, 7 9 314 338, 5 12 338 364, 13 14 371 384, 9 6 384 413, 6 2 427 446, 11 5 446 475, 9 12 475 516, 
7 1 0 12, 15 12 47 92, 8 18 92 107, 10 5 107 142, 2 13 197 236, 3 3 246 254, 12 11 254 293, 4 16 319 342, 9 2 342 363, 3 4 363 376, 4 11 376 412, 3 18 415 444, 7 17 444 464, 5 18 471 505, 6 14 505 515, 
5 14 0 11, 17 15 33 40, 15 8 140 168, 13 17 168 183, 15 11 291 297, 16 11 297 327, 2 2 348 354, 1 8 359 406, 6 10 413 427, 7 15 427 438, 17 12 438 455, 
15 7 0 47, 14 1 47 90, 4 3 90 110, 15 14 110 131, 12 15 131 170, 17 8 170 187, 2 4 187 197, 10 9 197 216, 6 20 269 293, 18 5 324 341, 4 10 342 375, 16 16 375 380, 6 7 396 413, 14 7 413 442, 17 20 455 460, 
8 17 0 34, 2 8 88 129, 11 6 129 156, 4 7 156 176, 6 18 176 202, 7 21 202 230, 16 9 230 239, 8 13 247 291, 3 17 291 311, 2 14 311 348, 12 12 348 355, 13 13 355 371, 14 13 371 378, 6 6 378 396, 18 17 396 428, 8 15 428 464, 18 11 464 512, 
16 18 0 18, 16 1 18 59, 13 1 59 100, 17 1 111 155, 3 2 178 205, 12 1 222 251, 18 10 251 278, 16 10 278 289, 15 1 297 315, 1 7 320 359, 7 14 390 410, 17 22 460 477, 6 9 477 492, 12 7 492 507, 
9 1 0 21, 4 2 21 51, 14 9 90 100, 6 17 100 144, 1 4 144 187, 4 15 197 221, 6 19 221 236, 10 10 236 281, 1 6 295 320, 7 10 338 343, 15 2 343 384, 12 4 437 478, 3 12 480 496, 
9 7 21 26, 10 4 67 87, 12 18 170 189, 11 9 196 232, 18 8 232 242, 5 16 251 265, 1 5 265 295, 11 3 295 303, 3 6 321 326, 9 3 363 383, 16 17 383 402, 7 18 464 490, 
1 1 0 10, 6 15 66 79, 16 20 109 124, 16 21 124 138, 3 13 145 178, 9 10 178 188, 14 12 188 217, 11 2 232 268, 5 11 268 309, 8 14 364 395, 10 11 399 416, 5 13 416 434, 13 16 434 447, 8 16 464 492, 
1 2 10 28, 1 3 28 71, 3 16 101 145, 14 10 145 170, 9 14 188 230, 9 11 230 250, 17 10 250 263, 12 2 293 337, 12 5 355 379, 10 2 379 399, 4 12 412 441, 
