2, 6, 12, 6, 6, 15, 12, 3, 3, 12, 2, 5, 3, 2, 3, 3, 10, 5, 3, 12, 6, 3, 2, 6, 11, 15, 6, 12, 1, 1, 2, 11, 15, 12, 6, 15, 15, 10, 12, 15, 1, 2, 3, 2, 10, 1, 3, 12, 15, 3, 5, 6, 6, 6, 10, 3, 10, 11, 3, 2, 11, 6, 3, 11, 1, 6, 10, 2, 11, 5, 15, 3, 5, 3, 12, 1, 12, 12, 3, 10, 11, 11, 3, 15, 5, 15, 6, 6, 10, 3, 2, 12, 12, 15, 5, 6, 10, 3, 1, 12, 12, 1, 12, 2, 11, 6, 15
2 15 18 0 6, 4 12 43 0 15, 5 13 30 0 10, 1 9 13 0 3, 7 5 49 0 12, 3 15 43 1 16, 6 4 32 0 9, 8 8 47 0 14
1 5 10 1 2, 13 7 39 0 12, 7 11 33 1 7, 4 7 20 1 6, 2 15 7 0 1, 8 10 41 0 16, 12 8 26 1 8, 5 1 33 0 10, 3 4 40 0 15, 6 5 38 0 8, 14 10 37 0 10
1 4 29 0 9, 16 15 44 0 11, 2 11 27 0 5, 7 5 39 0 12, 8 1 6 0 1, 5 2 19 0 5, 9 14 33 0 9, 14 2 11 0 4, 3 7 8 1 1, 6 13 5 0 1, 17 10 20 0 4, 18 7 29 0 10, 13 15 35 0 8, 4 7 13 0 4, 15 1 10 0 3, 19 3 20 1 5, 10 3 39 0 15, 11 2 29 0 10, 12 12 16 0 4
15 5 24 0 6, 1 4 29 1 6, 14 8 11 1 3, 17 3 21 0 7, 17 14 29 1 6, 16 13 14 1 4, 18 7 34 0 12
5 6 33 1 8, 15 14 13 0 4, 1 4 33 1 10, 6 10 18 0 6, 10 8 14 0 5, 14 7 10 0 3, 17 1 47 0 16, 9 11 15 0 4, 7 3 21 0 4, 16 5 31 1 11, 2 6 19 0 6, 3 5 14 0 4, 4 5 17 0 6, 18 10 26 1 5, 19 1 18 0 4, 20 11 25 0 5
3 13 24 1 6, 4 13 20 1 4, 1 4 33 0 9, 5 4 37 1 9, 2 6 27 0 8, 6 5 10 1 2, 9 9 19 1 5, 10 12 45 0 15, 11 14 17 0 5
2 5 39 0 12, 6 10 27 0 8, 8 2 6 0 1, 7 1 40 0 10, 1 6 30 0 11, 3 13 8 0 3, 4 8 29 0 11, 9 13 36 1 9, 5 6 29 0 10
1 11 29 0 11, 14 1 5 0 1, 13 2 26 0 10, 2 15 44 0 15, 3 5 5 1 1, 18 13 19 1 6, 15 9 39 0 13, 8 3 18 0 6, 4 12 41 0 10, 6 2 42 0 11, 9 6 5 1 1, 5 15 24 0 6, 7 11 15 1 5, 10 4 18 0 6, 11 7 39 0 14, 12 10 7 0 1
7 9 47 0 16, 12 7 45 0 16, 3 6 17 1 5, 11 13 7 0 2, 14 6 24 1 6, 4 7 8 0 3, 10 14 50 0 11, 13 1 9 1 2, 1 11 18 0 5, 5 15 15 0 3, 15 1 42 1 10, 6 5 43 0 10
