6, 3, 9, 7, 6, 18, 18, 9, 16, 3, 2, 18, 3, 11, 9, 7, 2, 18, 7, 3, 6, 3, 18, 9, 13, 14, 10, 9, 3, 5, 6, 3, 6, 7, 10, 16, 14, 6, 3, 18, 6, 9, 2, 16, 14, 18, 9, 6, 13, 11, 5, 13, 2, 2, 3, 6, 2, 3, 11, 3, 11, 10, 9, 9, 16, 14, 6, 10, 9, 9, 16, 14, 6, 16, 3, 11, 10, 18, 7, 6, 3, 9, 2, 2, 7, 10, 18, 3, 7, 16, 13, 14, 5, 5, 16, 2, 5, 9, 13, 9, 7, 13, 3, 7, 11, 16, 2, 7, 6, 14, 10, 11, 5, 11, 6, 16, 7, 13, 3, 10, 14, 5, 14, 18, 2, 16, 3, 6, 6, 18, 3, 16, 9, 7, 14, 18, 14, 11, 13, 2, 16, 3
14 10 37 0 10, 4 9 10 0 2, 9 2 10 1 3, 10 14 24 0 6, 5 1 33 0 10, 8 15 44 0 11, 11 6 38 0 10, 7 6 25 0 6, 3 4 40 0 15, 2 8 6 1 2, 1 5 10 1 2, 6 5 38 0 8
7 5 39 0 12, 13 14 33 1 7, 8 1 6 0 1, 16 15 44 0 11, 14 2 11 0 4, 9 5 30 1 7, 1 4 29 0 9, 18 7 29 0 10, 17 10 20 0 4, 15 1 10 0 3, 19 3 20 1 5, 11 2 29 0 10, 2 11 27 0 5, 3 7 8 1 1, 6 13 5 0 1, 5 2 19 0 5, 4 7 13 0 4, 10 3 39 0 15, 12 1 19 0 5
16 13 14 1 4, 14 8 11 1 3, 17 2 27 0 6, 15 5 24 0 6, 1 11 31 0 6, 17 4 28 1 6, 18 14 35 0 12
19 12 15 1 4, 1 4 33 1 10, 5 6 33 1 8, 15 14 13 0 4, 7 9 17 0 6, 6 3 20 1 4, 10 8 14 0 5, 3 5 14 0 4, 16 5 31 1 11, 4 5 17 0 6, 17 1 47 0 16, 20 9 24 0 6, 2 6 19 0 6, 9 11 15 0 4, 18 9 30 0 9, 14 7 10 0 3
20 11 23 0 7, 1 7 12 0 3, 7 3 22 0 5, 21 10 28 0 7, 8 10 10 0 3, 9 2 28 0 6, 11 2 47 0 15, 19 1 35 0 9, 13 9 18 0 6, 10 6 8 0 3, 12 1 27 0 5, 18 13 26 0 9
19 2 9 0 3, 10 14 10 0 2, 1 12 21 0 6, 16 4 42 0 16, 15 5 14 0 5, 18 2 10 0 3, 20 4 18 0 3, 13 2 44 0 16, 14 15 42 1 15, 2 7 21 0 6, 7 11 9 1 2, 3 13 20 0 6, 6 6 29 1 10, 11 15 20 0 6, 12 6 41 0 12
8 12 44 0 12, 2 15 20 0 7, 3 1 22 1 7, 7 12 32 0 11, 1 4 33 0 9, 9 9 19 1 5, 10 12 45 0 15, 11 14 17 0 5
9 13 36 1 9, 8 2 6 0 1, 6 10 27 0 8, 1 6 30 0 11, 4 13 27 0 8, 2 8 40 0 13, 7 14 42 0 9, 3 13 8 0 3, 5 6 29 0 10
12 6 38 0 8, 14 6 13 0 5, 17 8 15 0 4, 13 10 16 1 3, 1 11 41 0 15, 15 4 4 0 1, 16 14 13 0 3, 18 2 44 1 10
10 15 25 0 8, 1 9 43 1 10, 2 1 10 1 2, 3 4 8 0 2, 5 4 9 0 2, 11 15 47 0 16, 12 14 29 0 6, 9 12 10 0 3, 7 9 29 1 7, 13 10 7 0 2, 8 3 8 0 2
1 11 41 0 10, 7 6 9 0 2, 9 13 15 1 4, 16 12 6 0 1, 10 11 11 0 2, 21 14 14 0 4, 11 4 31 0 9, 18 10 24 0 8, 8 7 19 0 6, 15 4 6 0 1, 6 12 10 0 2, 20 14 15 0 5, 17 1 21 0 6
1 3 8 1 2, 3 2 21 0 6, 9 15 13 0 3, 12 5 31 0 11, 10 11 27 1 5, 16 4 18 0 3, 7 7 48 0 12, 13 9 26 0 8, 17 3 36 0 10, 11 10 48 0 18, 2 8 13 0 4, 6 8 47 1 14
