3, 9, 3, 9, 6, 3, 6, 14, 6, 9, 3, 16, 11, 9, 14, 10, 6, 5, 11, 3, 3, 3, 9, 6, 5, 13, 3, 16, 14, 6, 3, 16, 3, 5, 9, 5, 6, 6, 10, 3, 13, 6, 16, 9, 3, 14, 10, 16, 11, 11, 6, 6, 11, 3, 9, 16, 3, 16, 16, 3, 16, 14, 3, 13, 14, 13, 10, 11, 9, 3, 6, 6, 14, 13, 14, 6, 6, 11, 3, 9, 9, 10, 5, 14, 9, 10, 10, 16, 16, 3, 5, 5, 10, 16, 9, 16, 13, 11, 9, 13, 6, 13, 14, 11
7 5 39 0 12, 9 14 33 0 9, 11 2 29 0 10, 16 15 44 0 11, 13 15 35 0 8, 6 13 5 0 1, 17 10 20 0 4, 2 11 27 0 5, 12 12 16 0 4, 10 3 39 0 15, 18 7 29 0 10, 5 2 19 0 5, 14 2 11 0 4, 1 4 29 0 9, 3 7 8 1 1, 8 1 6 0 1, 15 1 10 0 3, 19 3 20 1 5, 4 7 13 0 4
17 14 29 1 6, 15 5 24 0 6, 1 4 29 1 6, 14 12 13 1 3, 16 13 14 1 4, 17 3 21 0 7, 18 10 40 0 8
5 3 36 0 12, 17 12 44 1 17, 19 12 15 1 4, 1 3 38 0 15, 16 5 31 1 11, 3 5 14 0 4, 9 11 15 0 4, 15 14 13 0 4, 6 10 18 0 6, 2 6 19 0 6, 10 8 14 0 5, 7 9 17 0 6, 18 10 26 1 5, 4 5 17 0 6, 20 9 24 0 6, 14 7 10 0 3
14 15 42 1 15, 10 14 10 0 2, 3 13 20 0 6, 1 9 27 0 9, 2 7 21 0 6, 13 2 44 0 16, 6 2 33 1 11, 15 2 17 0 6, 16 2 45 0 9, 7 13 5 0 1, 11 3 28 0 8, 17 15 20 0 7, 20 4 18 0 3, 12 6 41 0 12
1 4 33 0 9, 7 12 32 0 11, 2 15 20 0 7, 3 1 22 1 7, 8 12 44 0 12, 9 9 19 1 5, 10 12 45 0 15, 11 14 17 0 5
8 2 6 0 1, 6 10 27 0 8, 1 6 30 0 11, 4 8 29 0 11, 7 1 40 0 10, 2 14 36 0 7, 3 13 8 0 3, 5 6 29 0 10, 9 13 36 1 9
15 4 4 0 1, 1 3 46 1 13, 12 13 41 0 12, 13 10 16 1 3, 14 13 14 0 3, 17 8 15 0 4, 16 5 15 0 5, 18 2 44 1 10
1 9 43 1 10, 12 10 31 0 6, 10 15 25 0 8, 5 4 9 0 2, 4 3 18 0 5, 7 9 29 1 7, 8 2 9 0 3, 11 15 47 0 16, 9 12 10 0 3, 13 6 9 1 3
18 11 18 0 3, 9 13 15 1 4, 7 5 5 0 1, 15 7 10 0 3, 8 7 19 0 6, 10 6 19 0 4, 11 4 31 0 9, 1 11 41 0 10, 16 9 5 0 1, 20 14 15 0 5, 21 2 27 0 9, 6 6 5 0 1, 17 13 19 0 5
