6, 8, 13, 2, 3, 14, 12, 3, 11, 18, 3, 8, 6, 17, 4, 9, 16, 4, 6, 10, 4, 4, 3, 9, 14, 9, 12, 12, 3, 12, 6, 6, 4, 5, 12, 8, 16, 3, 17, 2, 12, 12, 9, 18, 9, 3, 13, 2, 14, 2, 6, 8, 2, 9, 17, 18, 12, 9, 9, 16, 16, 11, 14, 6, 16, 13, 3, 18, 5, 4, 3, 18, 16, 14, 12, 18, 17, 11, 10, 6, 9, 10, 6, 5, 3, 18, 8, 8, 18, 11, 5, 6, 2, 16, 2, 12, 2, 4, 4, 8, 12, 9, 4, 3, 3, 14, 13, 3, 17, 13, 5, 17, 8, 16, 18, 4, 12, 5, 12, 6, 14, 4, 8, 17, 12, 17, 17, 9, 3, 13, 14, 9, 17, 17, 9, 10, 16, 4, 13, 2, 17, 11, 18, 3, 6, 6, 6, 16, 12, 3, 8, 3, 5, 16, 18, 2, 10, 11, 5, 10, 11, 6, 4, 10, 18, 14, 8, 18, 16, 3, 6, 9, 14, 11, 3, 16, 11, 2, 10, 12, 13, 14, 9
14 12 40 0 12, 1 14 13 1 4, 13 7 39 0 12, 4 9 10 0 2, 5 7 40 0 13, 3 4 40 0 15, 8 10 41 0 16, 7 11 33 1 7, 12 4 25 0 5, 2 15 7 0 1, 6 5 38 0 8
16 15 44 0 11, 7 5 39 0 12, 14 6 14 1 3, 15 8 19 0 4, 8 1 6 0 1, 9 5 30 1 7, 18 7 29 0 10, 10 3 39 0 15, 2 12 30 0 10, 17 10 20 0 4, 4 7 13 0 4, 3 7 8 1 1, 13 14 33 1 7, 19 3 20 1 5, 11 2 29 0 10, 5 3 24 0 7, 1 11 34 0 12, 6 13 5 0 1, 12 12 16 0 4
2 8 38 0 14, 15 12 24 0 9, 3 9 20 0 5, 13 2 22 1 6, 9 12 9 1 2, 16 7 23 1 8, 1 2 18 1 5, 4 5 8 0 2, 10 9 33 0 7, 8 6 45 0 13, 11 7 36 0 8, 7 10 20 0 7, 12 15 29 0 7
17 14 29 1 6, 14 8 11 1 3, 15 5 24 0 6, 17 3 21 0 7, 1 4 29 1 6, 2 1 40 0 13, 16 8 19 0 5, 18 3 39 0 12
7 9 17 0 6, 15 13 16 1 4, 16 1 36 0 9, 5 6 33 1 8, 2 2 22 0 8, 10 8 14 0 5, 6 10 18 0 6, 17 12 44 1 17, 18 13 29 0 7, 1 4 33 1 10, 9 11 15 0 4, 3 5 14 0 4, 4 8 20 0 7, 19 12 15 1 4, 20 11 25 0 5, 14 7 10 0 3
1 4 50 1 13, 17 10 34 1 11, 3 12 35 0 9, 2 8 23 0 8, 7 1 38 0 8, 6 13 33 0 10, 18 5 18 1 4, 8 6 16 0 5, 10 5 23 0 7, 11 5 16 0 5, 20 3 45 0 11
13 2 44 0 16, 2 7 21 0 6, 10 7 15 0 4, 16 4 42 0 16, 7 15 6 0 1, 3 13 20 0 6, 6 6 29 1 10, 1 12 21 0 6, 18 2 10 0 3, 14 15 42 1 15, 11 3 28 0 8, 19 2 9 0 3, 15 5 14 0 5, 12 4 45 0 16, 20 4 18 0 3
3 1 22 1 7, 8 12 44 0 12, 1 3 40 0 11, 7 14 36 0 12, 10 12 45 0 15, 2 6 27 0 8, 9 2 23 0 7, 11 14 17 0 5
9 13 36 1 9, 6 2 28 0 6, 7 1 40 0 10, 1 6 30 0 11, 8 2 6 0 1, 2 14 36 0 7, 3 13 8 0 3, 4 5 21 0 8, 5 6 29 0 10
2 8 46 0 15, 8 3 18 0 6, 5 15 24 0 6, 6 2 42 0 11, 10 4 18 0 6, 18 13 19 1 6, 13 3 22 1 8, 1 11 29 0 11, 3 5 5 1 1, 14 1 5 0 1, 9 6 5 1 1, 4 12 41 0 10, 11 7 39 0 14, 7 11 15 1 5, 15 9 39 0 13, 12 10 7 0 1
1 11 41 0 15, 15 4 4 0 1, 16 14 13 0 3, 13 10 16 1 3, 12 13 41 0 12, 14 6 13 0 5, 17 9 16 0 5, 18 2 44 1 10
1 9 43 1 10, 5 4 9 0 2, 12 14 29 0 6, 2 12 13 0 4, 11 15 47 0 16, 13 10 7 0 2, 9 12 10 0 3, 10 15 25 0 8, 3 4 8 0 2, 7 9 29 1 7, 8 3 8 0 2
18 5 27 1 9, 1 11 41 0 10, 10 11 11 0 2, 20 14 15 0 5, 9 10 9 1 1, 6 12 10 0 2, 21 2 27 0 9, 7 6 9 0 2, 8 9 18 0 6, 11 8 30 1 9, 15 7 10 0 3, 16 9 5 0 1, 17 13 19 0 5
13 6 33 1 11, 14 3 12 1 4, 18 2 15 1 3, 21 3 15 0 3, 22 11 17 0 5, 1 11 44 0 11, 17 2 42 0 12, 8 9 17 1 4, 9 2 29 0 6, 10 15 13 0 2, 11 1 24 0 5, 12 8 17 0 4
7 7 48 0 12, 9 15 13 0 3, 10 11 27 1 5, 12 5 31 0 11, 5 9 17 1 3, 1 3 8 1 2, 6 5 46 0 11, 4 1 13 0 3, 15 1 16 0 4, 11 13 50 0 17, 14 2 11 1 3, 16 4 18 0 3, 17 10 32 1 8
