10, 2, 5, 16, 8, 11, 4, 8, 16, 2, 4, 4, 7, 17, 14, 2, 5, 7, 8, 17, 4, 1, 1, 2, 14, 11, 10, 17, 11, 4, 7, 1, 2, 4, 11, 2, 17, 7, 4, 8, 1, 17, 13, 13, 16, 4, 10, 5, 5, 14, 17, 8, 13, 2, 7, 13, 14, 4, 17, 2, 4, 16, 8, 10, 1, 14, 13, 10, 1, 16, 17, 16, 7, 7, 17, 2, 8, 7, 13, 2, 8, 14, 17, 13, 16, 17, 5, 4, 11, 14, 11, 1, 11, 7, 10, 11, 14, 7, 14, 10, 2, 16, 7, 5, 17, 14, 1, 4, 10, 13, 7, 14, 8, 2, 4, 11, 8, 8, 17, 10, 17, 5
1 14 10 1 2, 3 15 43 1 16, 2 15 18 0 6, 6 12 25 1 7, 4 12 43 0 15, 7 1 40 0 13, 5 13 30 0 10, 8 8 47 0 14
4 9 10 0 2, 2 8 6 1 2, 5 1 33 0 10, 3 4 40 0 15, 7 15 30 0 8, 1 5 10 1 2, 6 5 38 0 8, 8 10 41 0 16, 9 2 10 1 3, 10 14 24 0 6, 11 6 38 0 10, 14 10 37 0 10
15 12 24 0 9, 1 2 18 1 5, 4 5 8 0 2, 2 12 30 1 11, 13 6 21 0 7, 7 1 23 0 8, 3 9 20 0 5, 16 7 23 1 8, 8 6 45 0 13, 9 3 5 0 1, 10 5 39 0 15, 11 7 36 0 8, 12 15 29 0 7
15 5 24 0 6, 14 2 14 0 3, 17 3 21 0 7, 17 3 21 0 7, 16 13 14 1 4, 1 5 36 0 11, 18 7 34 0 12
1 7 12 0 3, 7 3 22 0 5, 13 9 18 0 6, 12 1 27 0 5, 19 2 31 0 10, 11 2 47 0 15, 8 5 9 0 3, 9 6 24 0 5, 20 11 23 0 7, 10 12 5 0 1, 21 10 28 0 7, 18 13 26 0 9
1 4 50 1 13, 17 10 34 1 11, 18 7 15 0 3, 2 8 23 0 8, 20 3 45 0 11, 3 12 35 0 9, 6 13 33 0 10, 7 3 35 1 10, 8 6 16 0 5, 9 9 24 0 8, 11 1 15 1 4
3 1 22 1 7, 4 13 20 1 4, 5 7 35 0 11, 2 6 27 0 8, 6 9 12 0 2, 1 4 33 0 9, 9 9 19 1 5, 10 12 45 0 15, 11 14 17 0 5
1 6 30 0 11, 4 5 21 0 8, 6 2 28 0 6, 2 14 36 0 7, 7 14 42 0 9, 8 14 7 0 1, 3 3 11 0 3, 9 13 36 1 9, 5 6 29 0 10
1 10 44 0 16, 14 6 13 0 5, 12 13 41 0 12, 17 8 15 0 4, 16 14 13 0 3, 13 12 18 0 5, 15 4 4 0 1, 18 2 44 1 10
13 10 7 0 2, 1 9 43 1 10, 7 9 29 1 7, 9 12 10 0 3, 10 15 25 0 8, 2 1 10 1 2, 12 14 29 0 6, 3 4 8 0 2, 11 4 42 0 9, 5 4 9 0 2, 8 2 9 0 3
18 11 18 0 3, 21 14 14 0 4, 3 3 33 0 11, 1 11 41 0 10, 2 7 32 0 8, 20 14 15 0 5, 4 7 41 0 9, 5 1 25 1 9
18 2 15 1 3, 13 6 33 1 11, 21 3 15 0 3, 22 11 17 0 5, 16 1 5 0 1, 1 11 44 0 11, 3 4 11 1 4, 15 5 8 0 1, 17 2 42 0 12, 2 10 13 1 3, 4 12 13 0 5, 5 12 17 0 4, 7 2 23 0 7, 12 8 17 0 4
