17, 15, 7, 9, 16, 4, 6, 7, 17, 9, 4, 14, 9, 6, 4, 4, 18, 15, 7, 5, 18, 8, 7, 17, 15, 6, 9, 18, 5, 17, 15, 6, 14, 13, 6, 9, 9, 7, 4, 7, 16, 13, 6, 16, 8, 16, 14, 8, 6, 15, 6, 9, 8, 4, 18, 5, 14, 8, 9, 6, 6, 17, 13, 4, 7, 16, 18, 9, 6, 16, 17, 14, 18, 18, 9, 5, 5, 5, 4, 17, 9, 7, 14, 9, 18, 15, 6, 13, 6, 8, 13, 17, 16, 16, 16, 13, 4, 9, 17, 17, 5, 4, 7, 18, 15, 5, 16, 15, 9, 14, 4, 17, 8, 17, 15, 18, 18, 17, 14, 18, 7, 15, 6, 4, 16, 16, 14, 8, 9, 17, 7, 8, 6, 14, 18, 15, 14, 7, 7, 4, 13, 13, 16, 6, 5, 9
15 12 24 0 9, 2 12 30 1 11, 16 7 23 1 8, 3 9 20 0 5, 7 1 23 0 8, 8 6 45 0 13, 9 3 5 0 1, 1 2 18 1 5, 10 9 33 0 7, 11 11 41 0 8, 4 5 8 0 2, 13 6 21 0 7, 12 15 29 0 7
17 3 21 0 7, 17 3 21 0 7, 17 3 21 0 7, 17 3 21 0 7, 14 12 13 1 3, 15 13 26 0 6, 16 13 14 1 4, 1 4 29 1 6, 18 10 40 0 8
1 4 33 1 10, 15 14 13 0 4, 10 10 19 0 6, 2 6 19 0 6, 7 3 21 0 4, 17 12 44 1 17, 3 5 14 0 4, 16 5 31 1 11, 19 12 15 1 4, 4 5 17 0 6, 14 10 14 0 3, 6 2 24 0 6, 5 6 33 1 8, 18 10 26 1 5, 9 11 15 0 4, 20 9 24 0 6
7 3 22 0 5, 19 2 31 0 10, 8 5 9 0 3, 20 6 18 0 6, 9 6 24 0 5, 16 14 10 0 3, 11 2 47 0 15, 1 7 12 0 3, 21 10 28 0 7, 14 11 20 0 4, 17 7 20 0 7, 10 13 11 0 3, 18 13 26 0 9
13 10 44 0 9, 15 10 36 0 11, 1 4 50 1 13, 17 10 34 1 11, 19 11 16 0 6, 12 3 43 1 15, 14 14 31 0 7, 20 3 45 0 11, 16 14 28 0 10
18 2 10 0 3, 19 2 9 0 3, 14 15 42 1 15, 1 5 31 0 11, 2 7 21 0 6, 15 14 18 0 4, 6 6 29 1 10, 4 3 13 1 5, 11 15 20 0 6, 7 13 5 0 1, 20 4 18 0 3, 16 4 42 0 16, 10 14 10 0 2, 13 2 44 0 16, 5 6 5 1 1, 12 6 41 0 12
1 11 41 0 15, 18 2 44 1 10, 17 8 15 0 4, 13 9 21 0 6, 15 4 4 0 1, 14 6 13 0 5, 12 6 38 0 8, 16 14 13 0 3
11 4 42 0 9, 9 12 10 0 3, 13 6 9 1 3, 1 9 43 1 10, 12 14 29 0 6, 3 4 8 0 2, 10 15 25 0 8, 7 5 30 1 9, 5 4 9 0 2, 2 1 10 1 2, 8 3 8 0 2
7 9 47 0 16, 14 9 21 0 4, 1 1 20 0 4, 2 13 43 0 9, 13 5 10 0 2, 12 7 45 0 16, 15 1 42 1 10, 8 8 28 1 6, 9 2 18 0 4, 6 4 48 0 10, 11 8 6 0 1
7 5 5 0 1, 1 1 43 0 14, 18 11 18 0 3, 9 10 9 1 1, 8 5 16 0 5, 10 11 11 0 2, 21 14 14 0 4, 6 6 5 0 1, 20 8 20 0 4, 11 8 30 1 9, 15 7 10 0 3, 16 12 6 0 1, 17 8 24 0 7
10 15 13 0 2, 13 6 33 1 11, 16 1 5 0 1, 18 2 15 1 3, 12 4 21 0 4, 1 11 44 0 11, 11 1 24 0 5, 19 1 6 0 2, 9 2 29 0 6, 20 9 5 1 1, 15 8 7 0 1, 8 9 17 1 4, 22 11 17 0 5, 17 2 42 0 12
6 5 46 0 11, 5 9 17 1 3, 1 3 8 1 2, 12 15 36 0 13, 7 3 44 0 10, 16 4 18 0 3, 8 13 10 1 2, 10 11 27 1 5, 14 2 11 1 3, 15 1 16 0 4, 17 10 32 1 8, 4 1 13 0 3, 11 13 50 0 17
