4, 3, 1, 17, 1, 2, 8, 3, 7, 2, 1, 3, 3, 3, 11, 12, 3, 3, 17, 11, 11, 1, 2, 4, 3, 3, 3, 6, 6, 4, 18, 6, 7, 4, 4, 3, 6, 12, 13, 6, 3, 11, 5, 9, 5, 5, 18, 4, 17, 7, 6, 17, 14, 6, 13, 8, 8, 2, 8, 6, 8, 6, 10, 5, 3, 4, 13, 10, 7, 5, 3, 9, 9, 14, 9, 9, 1, 10, 7, 8, 15, 9, 7, 6, 7, 7, 14, 12, 4, 12, 9, 9, 12, 9, 15, 18, 2, 13, 12, 12, 12, 15, 7, 16, 3, 13, 2, 10, 13, 15, 13, 11, 2, 10, 11, 11, 14, 2, 14, 14, 12, 12, 15, 4, 14, 15, 10, 14, 14, 9, 14, 17, 17, 15, 2, 1, 16, 12, 15, 3, 16, 3, 2, 2, 9, 7, 18, 18, 16, 3, 18, 18, 17, 18, 12, 16, 17, 18, 1, 16, 17, 18, 15, 11, 6, 12, 17, 5, 4, 17, 17, 17, 6, 4, 5, 15, 16, 6, 10, 8, 16, 4, 11, 1, 8, 3, 7, 6, 4, 10, 6, 13, 16, 15, 12, 14, 12, 10, 9, 18, 12, 9, 17, 8, 18, 5, 6, 7, 7, 9, 8, 8
1 9 13 0 3, 3 15 43 1 16, 2 15 18 0 6, 5 13 30 0 10, 6 12 25 1 7, 4 12 43 0 15, 7 11 39 0 11, 8 8 47 0 14
1 5 10 1 2, 7 6 25 0 6, 2 15 7 0 1, 4 9 10 0 2, 8 15 44 0 11, 12 12 30 0 11, 3 4 40 0 15, 13 7 39 0 12, 14 10 37 0 10, 5 11 43 0 16, 6 5 38 0 8
16 15 44 0 11, 17 13 39 0 11, 1 11 34 0 12, 18 7 29 0 10, 7 5 39 0 12, 19 10 40 0 11, 6 13 5 0 1, 8 1 6 0 1, 3 7 8 1 1, 13 14 33 1 7, 5 2 19 0 5, 9 4 36 0 11, 2 11 27 0 5, 15 8 19 0 4, 4 2 18 0 7, 14 2 11 0 4, 10 3 39 0 15, 11 2 29 0 10, 12 12 16 0 4
1 2 18 1 5, 2 12 30 1 11, 15 12 24 0 9, 13 2 22 1 6, 3 9 20 0 5, 16 9 25 0 5, 4 11 9 0 3, 7 1 23 0 8, 8 6 45 0 13, 9 3 5 0 1, 10 9 33 0 7, 11 7 36 0 8, 12 15 29 0 7
1 4 29 1 6, 14 8 11 1 3, 15 3 27 1 6, 16 4 20 0 7, 17 4 28 1 6, 17 3 21 0 7, 17 3 21 0 7, 18 7 34 0 12
15 2 14 0 4, 2 6 19 0 6, 17 1 47 0 16, 1 4 33 1 10, 3 5 14 0 4, 18 10 26 1 5, 16 8 34 0 12, 5 11 39 0 14, 6 2 24 0 6, 4 5 17 0 6, 19 12 15 1 4, 10 8 14 0 5, 7 9 17 0 6, 9 11 15 0 4, 20 11 25 0 5, 14 10 14 0 3
1 7 12 0 3, 8 5 9 0 3, 7 3 22 0 5, 19 2 31 0 10, 20 6 18 0 6, 21 10 28 0 7, 9 6 24 0 5, 10 6 8 0 3, 11 2 47 0 15, 14 11 20 0 4, 16 14 10 0 3, 17 7 20 0 7, 18 4 29 0 10
1 4 50 1 13, 18 7 15 0 3, 17 10 34 1 11, 2 15 21 1 6, 20 3 45 0 11, 3 12 35 0 9, 6 13 33 0 10, 7 3 35 1 10, 8 6 16 0 5, 9 9 24 0 8, 11 1 15 1 4
1 13 28 0 6, 10 14 10 0 2, 13 2 44 0 16, 7 11 9 1 2, 11 15 20 0 6, 16 13 46 0 16, 2 7 21 0 6, 17 3 25 0 8, 6 6 29 1 10, 3 13 20 0 6, 20 4 18 0 3, 12 6 41 0 12, 14 15 42 1 15, 15 5 14 0 5
1 4 33 0 9, 4 10 22 0 6, 2 15 20 0 7, 3 1 22 1 7, 5 7 35 0 11, 6 5 10 1 2, 9 3 24 0 8, 10 12 45 0 15, 11 14 17 0 5
8 2 6 0 1, 1 6 30 0 11, 3 13 8 0 3, 6 10 27 0 8, 9 13 36 1 9, 7 15 46 0 9, 2 14 36 0 7, 4 5 21 0 8, 5 6 29 0 10
