12, 8, 18, 12, 2, 2, 12, 1, 18, 17, 4, 18, 12, 2, 4, 7, 7, 18, 18, 4, 18, 8, 12, 15, 2, 17, 7, 4, 1, 17, 1, 12, 4, 15, 7, 12, 1, 12, 4, 8, 15, 2, 17, 8, 2, 7, 15, 12, 1, 8, 8, 7, 4, 7, 15, 4, 17, 12, 15, 18, 2, 15, 15, 1, 2, 7, 18, 18, 7, 15, 8, 4, 12, 17, 7, 12, 2, 8, 17, 17, 4, 15, 15, 12, 17, 18, 2, 17, 7, 17, 12, 8, 18, 2, 12, 4, 8, 8, 7, 15, 1, 8, 4, 18, 12, 4, 1, 17, 18
4 12 43 0 15, 2 11 24 1 8, 5 13 30 0 10, 6 4 32 0 9, 7 11 39 0 11, 3 15 43 1 16, 1 9 13 0 3, 8 8 47 0 14
7 6 25 0 6, 2 8 6 1 2, 4 6 14 1 4, 1 5 10 1 2, 5 1 33 0 10, 8 15 44 0 11, 3 4 40 0 15, 6 5 38 0 8, 12 8 26 1 8, 13 7 39 0 12, 14 10 37 0 10
3 9 20 0 5, 14 10 18 0 6, 13 6 21 0 7, 1 2 18 1 5, 16 7 23 1 8, 7 10 20 0 7, 9 3 5 0 1, 8 6 45 0 13, 2 12 30 1 11, 4 5 8 0 2, 10 5 39 0 15, 11 7 36 0 8, 12 15 29 0 7
7 3 22 0 5, 11 2 47 0 15, 13 9 18 0 6, 20 6 18 0 6, 1 7 12 0 3, 12 1 27 0 5, 10 12 5 0 1, 8 10 10 0 3, 21 10 28 0 7, 9 6 24 0 5, 19 2 31 0 10, 18 13 26 0 9
17 10 34 1 11, 1 4 50 1 13, 20 3 45 0 11, 4 4 11 1 3, 2 8 23 0 8, 3 12 35 0 9, 5 2 18 0 6, 18 7 15 0 3, 7 3 35 1 10, 8 6 16 0 5, 9 9 24 0 8, 11 1 15 1 4
1 11 29 0 11, 9 14 7 0 2, 5 15 24 0 6, 2 15 44 0 15, 3 5 5 1 1, 12 10 7 0 1, 6 2 42 0 11, 11 7 39 0 14, 14 1 5 0 1, 13 2 26 0 10, 15 9 39 0 13, 8 3 18 0 6, 4 12 41 0 10, 10 4 18 0 6, 18 13 19 1 6, 7 11 15 1 5
12 7 45 0 16, 15 1 42 1 10, 14 9 21 0 4, 7 9 47 0 16, 11 8 6 0 1, 1 11 18 0 5, 10 14 50 0 11, 4 7 8 0 3, 5 2 12 0 2, 3 6 17 1 5, 13 6 11 1 4, 6 5 43 0 10
6 13 46 0 16, 1 10 46 0 10, 7 11 19 0 4, 22 6 19 0 4, 13 6 33 1 11, 21 3 15 0 3, 18 10 18 0 5, 12 8 17 0 4, 15 8 7 0 1, 16 1 5 0 1, 2 10 13 1 3, 17 2 42 0 12
6 5 46 0 11, 1 3 8 1 2, 7 3 44 0 10, 2 6 12 0 2, 9 15 13 0 3, 12 5 31 0 11, 3 2 21 0 6, 16 4 18 0 3, 11 10 48 0 18, 10 15 30 0 10, 14 2 11 1 3, 15 1 16 0 4, 17 14 35 0 11
