9, 9, 17, 7, 4, 7, 4, 7, 16, 14, 8, 4, 13, 17, 14, 18, 4, 18, 18, 4, 7, 17, 9, 8, 4, 9, 14, 9, 14, 18, 4, 17, 18, 16, 9, 7, 8, 18, 9, 13, 4, 16, 17, 7, 16, 9, 8, 17, 8, 7, 9, 9, 13, 14, 14, 18, 16, 16, 17, 16, 8, 14, 7, 18, 4, 7, 8, 13, 18, 13, 17, 7, 17, 9, 4, 16, 18, 17, 9, 17, 9, 14, 8, 4, 16, 16, 17, 8, 18, 16, 18, 16, 8, 13, 17, 8, 14, 13, 4, 4, 7, 7, 14, 14, 13, 9, 16
16 7 23 1 8, 1 2 18 1 5, 13 1 28 0 6, 3 9 20 0 5, 15 12 24 0 9, 2 12 30 1 11, 4 5 8 0 2, 7 10 20 0 7, 8 6 45 0 13, 9 3 5 0 1, 10 5 39 0 15, 11 7 36 0 8, 12 15 29 0 7
19 2 31 0 10, 8 10 10 0 3, 10 6 8 0 3, 7 3 22 0 5, 20 6 18 0 6, 9 6 24 0 5, 21 1 32 1 7, 1 7 12 0 3, 11 2 47 0 15, 12 1 27 0 5, 13 9 18 0 6, 18 13 26 0 9
1 4 50 1 13, 17 10 34 1 11, 2 8 23 0 8, 18 7 15 0 3, 6 4 36 0 10, 20 3 45 0 11, 3 12 35 0 9, 7 3 35 1 10, 8 6 16 0 5, 10 5 23 0 7, 11 1 15 1 4
14 5 43 0 10, 1 12 21 0 6, 2 7 21 0 6, 16 4 42 0 16, 15 5 14 0 5, 13 2 44 0 16, 17 15 20 0 7, 10 14 10 0 2, 7 13 5 0 1, 3 13 20 0 6, 11 11 22 1 5, 6 6 29 1 10, 20 4 18 0 3, 12 6 41 0 12
1 11 41 0 15, 13 10 16 1 3, 15 4 4 0 1, 17 8 15 0 4, 12 13 41 0 12, 14 6 13 0 5, 18 2 44 1 10, 16 5 15 0 5
1 9 43 1 10, 12 14 29 0 6, 13 10 7 0 2, 2 1 10 1 2, 11 15 47 0 16, 9 12 10 0 3, 10 15 25 0 8, 3 7 9 1 2, 5 4 9 0 2, 7 5 30 1 9, 8 3 8 0 2
9 13 15 1 4, 6 6 5 0 1, 8 7 19 0 6, 18 11 18 0 3, 7 5 5 0 1, 1 11 41 0 10, 20 14 15 0 5, 10 11 11 0 2, 21 14 14 0 4, 11 8 30 1 9, 15 4 6 0 1, 16 9 5 0 1, 17 13 19 0 5
13 6 33 1 11, 7 11 19 0 4, 21 3 15 0 3, 12 8 17 0 4, 1 11 44 0 11, 4 13 14 0 4, 22 11 17 0 5, 2 10 13 1 3, 18 2 15 1 3, 3 4 11 1 4, 5 7 11 0 3, 14 3 12 1 4, 17 2 42 0 12
7 3 44 0 10, 8 6 14 0 4, 12 5 31 0 11, 13 3 30 0 10, 1 3 8 1 2, 5 9 17 1 3, 10 3 28 0 6, 6 5 46 0 11, 16 4 18 0 3, 4 1 13 0 3, 11 10 48 0 18, 17 10 32 1 8
