3, 12, 3, 2, 5, 14, 12, 18, 6, 3, 6, 15, 8, 15, 3, 15, 2, 17, 3, 9, 9, 9, 12, 17, 2, 8, 3, 11, 18, 9, 3, 5, 8, 9, 12, 2, 12, 6, 15, 3, 18, 6, 17, 6, 3, 12, 14, 5, 15, 12, 9, 11, 11, 11, 18, 3, 14, 2, 12, 17, 15, 17, 3, 8, 6, 18, 12, 15, 8, 17, 8, 9, 8, 18, 2, 14, 18, 17, 14, 17, 15, 14, 9, 12, 15, 18, 5, 14, 3, 18, 17, 12, 14, 6, 18, 6, 11, 3, 3, 6, 8, 2, 6, 3, 9, 8, 9, 2, 17, 3, 9, 18, 9, 12, 14, 15, 8, 9, 6, 9, 11, 11, 2, 15, 11, 12, 5, 6, 3, 9, 17, 12, 17, 6, 6, 8, 17, 2, 6, 14, 12, 18, 3, 2, 14, 5, 11, 12, 3, 8, 15, 6, 5
8 10 41 0 16, 7 15 30 0 8, 12 4 25 0 5, 5 1 33 0 10, 13 7 39 0 12, 1 5 10 1 2, 3 4 40 0 15, 2 8 6 1 2, 4 9 10 0 2, 6 1 42 1 11, 14 10 37 0 10
1 4 29 0 9, 8 12 9 0 2, 2 11 27 0 5, 9 5 30 1 7, 7 1 50 0 18, 17 10 20 0 4, 3 7 8 1 1, 16 10 49 0 11, 15 1 10 0 3, 13 15 35 0 8, 4 7 13 0 4, 6 13 5 0 1, 10 13 40 0 14, 11 2 29 0 10, 14 2 11 0 4, 18 7 29 0 10, 5 2 19 0 5, 12 12 16 0 4, 19 8 29 0 6
15 13 26 0 6, 1 4 29 1 6, 17 14 29 1 6, 17 3 21 0 7, 14 8 11 1 3, 16 4 20 0 7, 18 14 35 0 12
16 5 31 1 11, 17 1 47 0 16, 1 11 36 0 10, 5 11 39 0 14, 10 8 14 0 5, 3 5 14 0 4, 4 8 20 0 7, 18 10 26 1 5, 6 10 18 0 6, 2 3 21 0 8, 9 11 15 0 4, 15 14 13 0 4, 19 12 15 1 4, 7 9 17 0 6, 20 9 24 0 6, 14 7 10 0 3
1 4 50 1 13, 19 11 16 0 6, 2 15 21 1 6, 20 12 48 0 15, 3 12 35 0 9, 5 11 20 0 7, 17 10 34 1 11, 7 3 35 1 10, 4 4 11 1 3, 9 9 24 0 8, 8 6 16 0 5, 11 1 15 1 4
13 2 44 0 16, 1 14 23 0 4, 2 7 21 0 6, 16 13 46 0 16, 14 14 44 1 12, 20 4 18 0 3, 6 6 29 1 10, 3 13 20 0 6, 15 9 21 0 7, 19 2 9 0 3, 18 2 10 0 3, 7 15 6 0 1, 11 15 20 0 6, 10 14 10 0 2, 12 6 41 0 12
4 14 25 1 6, 8 2 6 0 1, 1 6 30 0 11, 6 2 28 0 6, 7 1 40 0 10, 2 14 36 0 7, 3 13 8 0 3, 9 9 39 0 13, 5 6 29 0 10
2 15 44 0 15, 14 1 5 0 1, 18 13 19 1 6, 13 3 22 1 8, 8 3 18 0 6, 15 9 39 0 13, 5 15 24 0 6, 6 2 42 0 11, 9 14 7 0 2, 1 11 29 0 11, 10 4 18 0 6, 4 12 41 0 10, 3 5 5 1 1, 7 11 15 1 5, 11 7 39 0 14, 12 10 7 0 1
1 9 43 1 10, 12 14 29 0 6, 3 4 8 0 2, 6 4 27 0 6, 5 4 9 0 2, 2 2 17 0 6, 9 12 10 0 3, 10 15 25 0 8, 13 10 7 0 2, 11 4 42 0 9, 8 2 9 0 3
13 5 10 0 2, 7 9 47 0 16, 10 14 50 0 11, 14 3 22 0 5, 1 11 18 0 5, 12 7 45 0 16, 4 7 8 0 3, 3 6 17 1 5, 15 1 42 1 10, 5 15 15 0 3, 11 8 6 0 1, 6 5 43 0 10
19 6 7 1 1, 1 10 46 0 10, 18 2 15 1 3, 12 8 17 0 4, 13 6 33 1 11, 2 5 16 1 3, 20 9 5 1 1, 22 14 20 1 5, 16 1 5 0 1, 6 13 46 0 16, 15 8 7 0 1, 7 11 19 0 4, 17 2 42 0 12
7 3 44 0 10, 11 10 48 0 18, 1 3 8 1 2, 12 5 31 0 11, 5 9 17 1 3, 4 1 13 0 3, 10 3 28 0 6, 13 6 28 0 6, 9 15 13 0 3, 6 5 46 0 11, 16 4 18 0 3, 17 10 32 1 8
