5, 7, 4, 14, 4, 1, 7, 7, 5, 14, 8, 16, 8, 7, 4, 16, 7, 7, 4, 1, 8, 1, 10, 14, 10, 10, 16, 10, 5, 16, 4, 13, 16, 8, 8, 13, 7, 7, 8, 14, 4, 13, 7, 16, 8, 5, 5, 10, 4, 4, 1, 10, 8, 16, 1, 4, 14, 16, 4, 1, 14, 4, 1, 16, 13, 10, 8, 13, 14, 4, 14, 1, 10, 16, 7, 16, 13, 8, 5, 7, 13, 4, 5, 8, 8, 16, 16, 7, 10, 14, 13, 14, 14
2 15 18 0 6, 4 12 43 0 15, 6 12 25 1 7, 1 14 10 1 2, 3 15 43 1 16, 7 11 39 0 11, 5 13 30 0 10, 8 8 47 0 14
1 2 18 1 5, 14 10 18 0 6, 16 7 23 1 8, 13 6 21 0 7, 2 12 30 1 11, 3 9 20 0 5, 4 5 8 0 2, 7 10 20 0 7, 8 6 45 0 13, 9 3 5 0 1, 10 9 33 0 7, 11 7 36 0 8, 12 15 29 0 7
15 5 24 0 6, 17 3 21 0 7, 17 2 27 0 6, 1 4 29 1 6, 14 8 11 1 3, 16 13 14 1 4, 18 10 40 0 8
7 3 22 0 5, 1 7 12 0 3, 8 10 10 0 3, 9 6 24 0 5, 13 14 20 0 7, 18 5 30 0 10, 12 1 27 0 5, 10 12 5 0 1, 11 2 47 0 15, 19 2 31 0 10, 20 6 18 0 6, 21 10 28 0 7
1 4 50 1 13, 2 8 23 0 8, 19 11 16 0 6, 17 2 39 0 14, 5 2 18 0 6, 20 3 45 0 11, 3 12 35 0 9, 4 7 13 0 3, 7 1 38 0 8, 8 6 16 0 5, 9 9 24 0 8, 11 5 16 0 5
4 13 20 1 4, 2 15 20 0 7, 1 1 34 0 7, 3 1 22 1 7, 5 7 35 0 11, 6 5 10 1 2, 9 9 19 1 5, 10 3 48 0 12, 11 14 17 0 5
12 6 38 0 8, 17 8 15 0 4, 1 4 47 1 17, 15 4 4 0 1, 13 10 16 1 3, 14 6 13 0 5, 18 15 50 1 13, 16 14 13 0 3
1 9 43 1 10, 12 14 29 0 6, 10 9 28 0 9, 9 12 10 0 3, 13 6 9 1 3, 2 2 17 0 6, 11 14 43 0 14, 3 4 8 0 2, 6 3 29 0 7, 5 4 9 0 2, 8 3 8 0 2
6 6 5 0 1, 1 11 41 0 10, 8 5 16 0 5, 7 5 5 0 1, 16 9 5 0 1, 18 11 18 0 3, 20 8 20 0 4, 11 4 31 0 9, 10 11 11 0 2, 15 4 6 0 1, 17 13 19 0 5, 9 10 9 1 1, 21 12 29 0 8
