6, 3, 1, 12, 1, 15, 3, 4, 4, 4, 10, 3, 6, 3, 3, 15, 12, 11, 6, 2, 12, 5, 6, 10, 13, 2, 4, 4, 14, 3, 1, 3, 5, 2, 12, 11, 6, 12, 2, 3, 12, 6, 4, 6, 1, 10, 4, 2, 15, 3, 12, 2, 12, 5, 4, 15, 10, 13, 15, 12, 14, 11, 13, 15, 3, 6, 14, 5, 15, 10, 1, 2, 3, 3, 3, 6, 4, 11, 12, 2, 1, 12, 13, 6, 5, 3, 14, 14, 12, 11, 4, 2, 2, 15, 6, 5, 14, 2, 4, 11, 15, 5, 14, 15, 15, 6, 6, 6, 13, 14, 1, 12, 3, 3, 11, 6, 12, 1, 4, 5, 10, 5, 4, 3, 13, 14, 10, 12, 11, 10, 11, 10, 12, 14, 3, 3, 15, 13, 6, 14, 2, 15, 13
6 12 25 1 7, 1 14 10 1 2, 3 15 43 1 16, 7 11 39 0 11, 2 15 18 0 6, 5 13 30 0 10, 4 12 43 0 15, 8 8 47 0 14
8 10 41 0 16, 7 6 25 0 6, 2 8 6 1 2, 9 2 10 1 3, 3 4 40 0 15, 1 5 10 1 2, 10 15 30 0 11, 4 7 20 1 6, 5 1 33 0 10, 6 5 38 0 8, 11 11 42 0 9, 14 10 37 0 10
9 14 33 0 9, 10 7 41 0 10, 13 15 35 0 8, 11 2 29 0 10, 7 5 39 0 12, 16 15 44 0 11, 17 10 20 0 4, 18 6 30 0 10, 2 11 27 0 5, 14 4 12 0 3, 19 3 20 1 5, 5 2 19 0 5, 15 1 10 0 3, 6 13 5 0 1, 1 4 29 0 9, 3 7 8 1 1, 8 1 6 0 1, 12 12 16 0 4, 4 7 13 0 4
3 9 20 0 5, 1 2 18 1 5, 14 10 18 0 6, 7 1 23 0 8, 4 5 8 0 2, 2 8 38 0 14, 13 6 21 0 7, 8 6 45 0 13, 9 3 5 0 1, 11 11 41 0 8, 16 7 23 1 8, 10 9 33 0 7, 12 15 29 0 7
1 5 36 0 11, 17 3 21 0 7, 15 5 24 0 6, 17 3 21 0 7, 17 2 27 0 6, 17 4 28 1 6, 14 8 11 1 3, 16 13 14 1 4, 18 14 35 0 12
5 6 33 1 8, 17 1 47 0 16, 19 12 15 1 4, 15 14 13 0 4, 6 10 18 0 6, 18 10 26 1 5, 3 5 14 0 4, 1 4 33 1 10, 10 8 14 0 5, 16 5 31 1 11, 9 11 15 0 4, 2 6 19 0 6, 7 9 17 0 6, 4 5 17 0 6, 14 7 10 0 3, 20 9 24 0 6
5 4 37 1 9, 6 5 10 1 2, 9 9 19 1 5, 10 12 45 0 15, 4 10 22 0 6, 3 1 22 1 7, 1 3 40 0 11, 2 15 20 0 7, 11 14 17 0 5
7 1 40 0 10, 2 14 36 0 7, 9 13 36 1 9, 4 5 21 0 8, 1 6 30 0 11, 6 10 27 0 8, 3 13 8 0 3, 8 11 11 0 4, 5 6 29 0 10
2 15 44 0 15, 18 13 19 1 6, 1 11 29 0 11, 3 11 11 0 3, 11 7 39 0 14, 10 4 18 0 6, 8 3 18 0 6, 4 12 41 0 10, 9 6 5 1 1, 12 10 7 0 1, 15 9 39 0 13, 5 15 24 0 6, 13 3 22 1 8, 14 1 5 0 1, 6 13 45 0 12, 7 11 15 1 5
12 6 38 0 8, 13 12 18 0 5, 18 2 44 1 10, 1 10 44 0 16, 17 8 15 0 4, 14 6 13 0 5, 15 4 4 0 1, 16 14 13 0 3
1 9 43 1 10, 6 4 27 0 6, 11 4 42 0 9, 12 14 29 0 6, 9 12 10 0 3, 2 7 11 0 3, 13 10 7 0 2, 10 15 25 0 8, 3 4 8 0 2, 5 4 9 0 2, 8 3 8 0 2
15 12 47 0 15, 5 2 12 0 2, 12 7 45 0 16, 13 1 9 1 2, 1 11 18 0 5, 7 9 47 0 16, 9 2 18 0 4, 14 9 21 0 4, 8 8 28 1 6, 3 6 17 1 5, 4 7 8 0 3, 6 5 43 0 10, 11 8 6 0 1
