9, 11, 4, 6, 8, 12, 15, 1, 4, 18, 16, 17, 4, 14, 9, 12, 6, 18, 6, 8, 15, 15, 11, 12, 9, 12, 14, 7, 16, 13, 17, 12, 5, 12, 14, 6, 9, 17, 7, 8, 1, 18, 9, 16, 17, 1, 18, 4, 7, 9, 8, 14, 12, 9, 15, 11, 18, 6, 8, 9, 4, 12, 5, 17, 16, 16, 8, 6, 6, 17, 14, 18, 7, 16, 18, 17, 13, 17, 12, 5, 13, 7, 7, 15, 4, 14, 17, 13, 8, 4, 15, 15, 6, 18, 1, 8, 6, 9, 16, 1, 12, 12, 12, 18, 14, 6, 7, 1, 9, 13, 13, 14, 16, 15, 9, 16, 17, 7, 4, 6, 7, 11, 18, 7, 4, 5, 16, 8, 1, 5, 4, 5, 7, 12, 15, 18, 4, 15, 6, 14, 16, 14, 18, 11, 15, 12, 12, 11, 5, 16, 11, 9, 9, 4, 6, 17, 12, 6, 17, 11, 13, 9, 16, 15, 8, 1, 14, 9, 8, 13, 11, 7, 18, 6, 6, 17, 4, 8, 9
3 15 43 1 16, 1 14 10 1 2, 2 15 18 0 6, 5 13 30 0 10, 4 12 43 0 15, 7 11 39 0 11, 6 12 25 1 7, 8 8 47 0 14
1 2 18 1 5, 16 7 23 1 8, 3 9 20 0 5, 13 1 28 0 6, 10 9 33 0 7, 8 6 45 0 13, 11 7 36 0 8, 4 5 8 0 2, 7 10 20 0 7, 9 3 5 0 1, 14 10 18 0 6, 2 12 30 1 11, 12 14 31 1 9
14 8 11 1 3, 17 3 21 0 7, 16 13 14 1 4, 17 3 21 0 7, 1 4 29 1 6, 15 5 24 0 6, 18 7 34 0 12
2 6 19 0 6, 17 12 44 1 17, 5 11 39 0 14, 3 5 14 0 4, 6 10 18 0 6, 18 13 29 0 7, 1 4 33 1 10, 7 15 24 0 6, 16 8 34 0 12, 4 8 20 0 7, 19 12 15 1 4, 8 8 38 0 15, 15 14 13 0 4, 14 10 14 0 3, 9 11 15 0 4, 20 11 25 0 5
20 6 18 0 6, 19 2 31 0 10, 21 10 28 0 7, 13 9 18 0 6, 1 7 12 0 3, 7 3 22 0 5, 11 2 47 0 15, 10 13 11 0 3, 8 10 10 0 3, 9 6 24 0 5, 12 1 27 0 5, 18 13 26 0 9
1 4 50 1 13, 19 11 16 0 6, 3 12 35 0 9, 20 3 45 0 11, 2 8 23 0 8, 10 5 23 0 7, 4 8 16 0 5, 17 10 34 1 11, 5 11 20 0 7, 7 3 35 1 10, 8 6 16 0 5, 11 1 15 1 4
2 7 21 0 6, 13 2 44 0 16, 16 4 42 0 16, 4 3 13 1 5, 5 6 5 1 1, 12 6 41 0 12, 10 14 10 0 2, 18 2 10 0 3, 1 12 21 0 6, 7 13 5 0 1, 14 15 42 1 15, 6 1 37 0 8, 15 5 14 0 5, 11 15 20 0 6, 19 2 9 0 3, 20 4 18 0 3
1 6 30 0 11, 9 13 36 1 9, 2 14 36 0 7, 6 10 27 0 8, 4 5 21 0 8, 7 1 40 0 10, 8 2 6 0 1, 3 13 8 0 3, 5 6 29 0 10
13 2 26 0 10, 2 15 44 0 15, 9 14 7 0 2, 6 2 42 0 11, 12 6 13 0 2, 3 5 5 1 1, 10 4 18 0 6, 1 1 31 0 10, 4 12 41 0 10, 8 12 20 0 5, 14 1 5 0 1, 7 11 15 1 5, 11 7 39 0 14, 5 15 24 0 6, 15 9 39 0 13, 18 9 22 1 5
17 11 19 0 5, 14 6 13 0 5, 1 4 47 1 17, 12 13 41 0 12, 15 4 4 0 1, 18 2 44 1 10, 13 10 16 1 3, 16 14 13 0 3
9 12 10 0 3, 7 9 29 1 7, 13 10 7 0 2, 1 9 43 1 10, 10 15 25 0 8, 2 1 10 1 2, 12 9 35 1 12, 3 8 10 0 3, 11 4 42 0 9, 5 4 9 0 2, 8 3 8 0 2
10 14 50 0 11, 12 5 48 0 12, 15 1 42 1 10, 1 1 20 0 4, 4 7 8 0 3, 5 2 12 0 2, 11 13 7 0 2, 14 9 21 0 4, 7 9 47 0 16, 3 6 17 1 5, 13 1 9 1 2, 6 5 43 0 10
1 11 41 0 10, 6 6 5 0 1, 7 6 9 0 2, 8 5 16 0 5, 9 10 9 1 1, 20 14 15 0 5, 11 8 30 1 9, 15 4 6 0 1, 10 11 11 0 2, 21 14 14 0 4, 16 9 5 0 1, 18 11 18 0 3, 17 13 19 0 5
20 10 10 0 3, 15 8 7 0 1, 1 11 44 0 11, 22 11 17 0 5, 19 6 7 1 1, 2 10 13 1 3, 16 1 5 0 1, 18 2 15 1 3, 7 11 19 0 4, 13 6 33 1 11, 6 13 46 0 16, 17 2 42 0 12, 12 8 17 0 4
11 10 48 0 18, 2 8 13 0 4, 6 8 47 1 14, 1 3 8 1 2, 12 15 36 0 13, 3 2 21 0 6, 14 2 11 1 3, 15 1 16 0 4, 7 3 44 0 10, 16 4 18 0 3, 10 11 27 1 5, 9 8 16 0 6, 17 3 36 0 10
