3, 6, 9, 9, 12, 2, 3, 9, 3, 11, 17, 12, 15, 9, 12, 12, 2, 18, 3, 3, 17, 15, 6, 6, 18, 6, 3, 3, 2, 9, 11, 17, 9, 6, 2, 15, 2, 6, 18, 12, 12, 11, 18, 3, 9, 15, 12, 15, 15, 12, 18, 6, 17, 3, 12, 17, 2, 3, 11, 12, 2, 9, 9, 18, 6, 2, 18, 3, 6, 15, 11, 3, 17, 2, 17, 9, 9, 12, 3, 18, 15, 18, 6, 17, 17, 6, 15, 17, 9, 11, 2, 3, 6, 9, 6, 18, 11, 12, 6, 12, 15, 3, 12, 17, 17, 18, 12, 11, 12, 6, 9, 2, 6, 18, 15, 3, 15, 9, 3, 11, 17, 17, 3, 3
6 5 38 0 8, 2 8 6 1 2, 8 10 41 0 16, 1 5 10 1 2, 3 4 40 0 15, 4 9 10 0 2, 5 1 33 0 10, 13 7 39 0 12, 7 6 25 0 6, 12 4 25 0 5, 14 12 40 0 12
6 13 5 0 1, 17 10 20 0 4, 18 7 29 0 10, 13 14 33 1 7, 16 15 44 0 11, 3 6 9 0 2, 1 4 29 0 9, 7 5 39 0 12, 9 5 30 1 7, 5 2 19 0 5, 2 11 27 0 5, 10 3 39 0 15, 19 3 20 1 5, 11 2 29 0 10, 14 6 14 1 3, 4 7 13 0 4, 15 1 10 0 3, 8 1 6 0 1, 12 12 16 0 4
10 8 14 0 5, 1 4 33 1 10, 9 11 15 0 4, 5 6 33 1 8, 6 10 18 0 6, 17 1 47 0 16, 18 10 26 1 5, 2 2 22 0 8, 16 5 31 1 11, 3 5 14 0 4, 14 7 10 0 3, 4 5 17 0 6, 7 9 17 0 6, 19 12 15 1 4, 15 14 13 0 4, 20 9 24 0 6
2 7 21 0 6, 18 2 10 0 3, 7 13 5 0 1, 16 13 46 0 16, 19 2 9 0 3, 3 13 20 0 6, 10 14 10 0 2, 12 6 41 0 12, 6 6 29 1 10, 20 4 18 0 3, 13 2 44 0 16, 1 14 23 0 4, 11 15 20 0 6, 14 15 42 1 15, 15 14 18 0 4
1 1 38 0 11, 7 15 46 0 9, 8 7 8 1 2, 9 5 40 0 10, 2 14 36 0 7, 6 10 27 0 8, 4 5 21 0 8, 3 11 9 0 3, 5 4 31 0 9
9 6 5 1 1, 8 3 18 0 6, 13 3 22 1 8, 4 12 41 0 10, 1 11 29 0 11, 6 2 42 0 11, 16 10 13 1 3, 5 15 24 0 6, 10 4 18 0 6, 17 12 38 1 14, 2 8 46 0 15, 11 7 39 0 14, 18 13 19 1 6, 3 5 5 1 1, 7 8 19 0 4, 12 10 7 0 1
10 14 50 0 11, 12 5 48 0 12, 4 7 8 0 3, 14 6 24 1 6, 13 1 9 1 2, 1 1 20 0 4, 5 15 15 0 3, 7 9 47 0 16, 11 8 6 0 1, 15 1 42 1 10, 3 6 17 1 5, 6 5 43 0 10
18 2 15 1 3, 13 6 33 1 11, 2 10 13 1 3, 4 13 14 0 4, 7 11 19 0 4, 21 12 18 0 5, 15 8 7 0 1, 16 1 5 0 1, 22 11 17 0 5, 1 11 44 0 11, 12 8 17 0 4, 3 4 11 1 4, 5 7 11 0 3, 17 2 42 0 12
12 5 31 0 11, 3 2 21 0 6, 1 3 8 1 2, 6 8 47 1 14, 7 13 49 1 13, 10 11 27 1 5, 16 15 19 0 5, 11 10 48 0 18, 2 6 12 0 2, 8 13 10 1 2, 13 9 26 0 8, 17 10 32 1 8
