12, 7, 7, 10, 18, 2, 4, 17, 15, 6, 8, 1, 2, 12, 4, 14, 2, 17, 6, 6, 7, 4, 14, 4, 8, 12, 10, 6, 18, 18, 7, 6, 8, 7, 15, 15, 4, 12, 14, 14, 18, 17, 7, 6, 2, 15, 2, 12, 7, 17, 10, 15, 18, 6, 8, 8, 17, 18, 6, 10, 18, 4, 12, 18, 1, 4, 6, 12, 2, 12, 6, 15, 15, 7, 12, 10, 1, 17, 15, 14, 4, 10, 2, 4, 1, 8, 6, 1, 8, 7, 15, 14, 17, 12, 18, 14, 6, 17, 14, 1, 15, 7, 4, 12, 7, 18, 8, 2, 18, 10, 1, 6, 8, 8, 17, 18, 2, 12, 15, 7, 14, 2, 1, 6, 12, 17, 8, 4, 17, 10, 15, 18, 10, 12, 7, 6, 14, 4, 2, 6, 8, 17, 12, 14, 12
3 15 43 1 16, 4 12 43 0 15, 6 12 25 1 7, 1 14 10 1 2, 2 15 18 0 6, 7 11 39 0 11, 5 13 30 0 10, 8 8 47 0 14
2 15 7 0 1, 8 10 41 0 16, 5 1 33 0 10, 3 4 40 0 15, 13 7 39 0 12, 12 8 26 1 8, 6 5 38 0 8, 1 5 10 1 2, 7 6 25 0 6, 4 9 10 0 2, 14 12 40 0 12
15 12 24 0 9, 13 6 21 0 7, 16 9 25 0 5, 1 2 18 1 5, 5 3 29 1 6, 6 4 33 0 6, 7 10 20 0 7, 8 6 45 0 13, 9 12 9 1 2, 10 9 33 0 7, 11 11 41 0 8, 12 15 29 0 7
1 4 33 1 10, 2 3 21 0 8, 5 11 39 0 14, 3 5 14 0 4, 15 2 14 0 4, 6 10 18 0 6, 4 5 17 0 6, 14 10 14 0 3, 18 13 29 0 7, 7 9 17 0 6, 17 12 44 1 17, 10 8 14 0 5, 19 12 15 1 4, 9 11 15 0 4, 16 5 31 1 11, 20 9 24 0 6
1 8 17 0 5, 20 6 18 0 6, 14 11 20 0 4, 7 3 22 0 5, 21 10 28 0 7, 8 5 9 0 3, 9 6 24 0 5, 19 2 31 0 10, 16 6 15 0 3, 17 7 20 0 7, 10 12 5 0 1, 11 2 47 0 15, 18 13 26 0 9
19 11 16 0 6, 1 4 50 1 13, 4 4 11 1 3, 3 12 35 0 9, 20 3 45 0 11, 5 2 18 0 6, 17 2 39 0 14, 7 3 35 1 10, 2 15 21 1 6, 8 6 16 0 5, 9 9 24 0 8, 11 1 15 1 4
3 13 24 1 6, 4 13 20 1 4, 2 15 20 0 7, 6 9 12 0 2, 1 4 33 0 9, 5 7 35 0 11, 9 9 19 1 5, 10 3 48 0 12, 11 14 17 0 5
13 2 26 0 10, 14 1 5 0 1, 4 12 41 0 10, 18 13 19 1 6, 1 11 29 0 11, 2 15 44 0 15, 7 8 19 0 4, 5 15 24 0 6, 15 9 39 0 13, 6 2 42 0 11, 3 5 5 1 1, 8 3 18 0 6, 9 6 5 1 1, 10 4 18 0 6, 11 7 39 0 14, 12 10 7 0 1
1 9 43 1 10, 9 12 10 0 3, 2 1 10 1 2, 12 14 29 0 6, 10 15 25 0 8, 3 4 8 0 2, 5 4 9 0 2, 6 4 27 0 6, 11 4 42 0 9, 8 2 9 0 3, 13 10 7 0 2
10 14 50 0 11, 14 9 21 0 4, 11 8 6 0 1, 13 1 9 1 2, 7 9 47 0 16, 4 7 8 0 3, 1 11 18 0 5, 3 6 17 1 5, 12 7 45 0 16, 5 2 12 0 2, 15 1 42 1 10, 6 5 43 0 10
18 10 18 0 5, 17 2 42 0 12, 16 1 5 0 1, 1 11 44 0 11, 2 10 13 1 3, 6 13 46 0 16, 7 2 23 0 7, 15 5 8 0 1, 21 3 15 0 3, 22 11 17 0 5, 13 6 33 1 11, 12 8 17 0 4
2 6 12 0 2, 6 5 46 0 11, 12 5 31 0 11, 1 3 8 1 2, 3 2 21 0 6, 14 2 11 1 3, 15 14 18 0 4, 7 3 44 0 10, 10 3 28 0 6, 16 15 19 0 5, 17 10 32 1 8, 9 8 16 0 6, 11 10 48 0 18
