11, 4, 3, 6, 8, 2, 4, 12, 9, 14, 18, 16, 12, 6, 2, 18, 3, 9, 11, 4, 11, 14, 13, 18, 6, 6, 18, 17, 8, 12, 9, 3, 12, 4, 2, 3, 10, 12, 13, 18, 11, 2, 10, 11, 3, 3, 16, 4, 17, 8, 12, 8, 14, 16, 3, 10, 13, 6, 8, 6, 5, 18, 9, 3, 3, 12, 9, 2, 9, 5, 3, 17, 2, 6, 18, 9, 6, 8, 6, 9, 2, 4, 3, 4, 4, 17, 16, 3, 11, 4, 12, 10, 17, 13, 14, 9, 8, 18, 5, 12, 17, 12, 4, 6, 14, 12, 8, 9, 2, 18, 3, 9, 3, 14, 4, 13, 17, 6, 3, 17, 16, 18, 14, 16, 12, 5, 3, 16, 3, 16, 5, 5, 11, 2, 13, 14, 16, 3, 6, 11, 18, 13, 9, 2, 10, 4, 17, 4, 18, 17, 14, 10, 9, 13, 12, 8, 17, 2, 16, 9, 6, 16, 10, 6, 14, 10, 14, 18, 17, 12, 3, 17, 12, 8, 12, 11, 16, 6, 5, 9, 16, 6, 8
2 8 6 0 1, 8 10 41 1 8, 7 6 25 0 7, 3 4 40 0 9, 12 4 25 1 5, 5 1 33 1 12, 13 7 39 1 12, 4 7 20 1 5, 1 5 10 0 2, 6 5 38 1 10, 14 12 40 1 14
9 5 30 1 6, 7 5 39 1 8, 1 11 34 1 9, 18 7 29 1 8, 16 10 49 0 10, 17 10 20 1 4, 8 1 6 1 1, 13 14 33 0 6, 2 12 30 0 11, 3 7 8 0 2, 5 2 19 0 3, 19 8 29 0 7, 4 7 13 0 5, 15 1 10 1 3, 14 7 15 1 5, 10 3 39 1 10, 6 13 5 1 1, 11 9 33 1 9, 12 14 21 1 8
13 6 21 1 7, 2 12 30 0 9, 9 3 5 0 1, 14 10 18 0 6, 7 1 23 1 5, 1 2 18 1 5, 3 9 20 1 6, 4 11 9 0 2, 10 5 39 1 8, 8 6 45 1 17, 16 9 25 1 6, 11 7 36 1 13, 12 15 29 1 11
1 4 29 1 10, 14 10 17 0 4, 15 3 27 1 6, 17 3 21 1 5, 17 3 21 1 5, 16 13 14 1 3, 18 10 40 0 14
17 12 44 1 15, 19 12 15 0 4, 6 10 18 0 7, 16 1 36 0 10, 15 2 14 1 5, 5 6 33 0 8, 2 6 19 1 5, 7 15 24 0 6, 20 9 24 1 4, 3 5 14 1 4, 18 10 26 0 8, 1 4 33 0 8, 9 11 15 1 5, 10 8 14 0 4, 4 5 17 0 6, 14 7 10 1 3
1 4 50 1 14, 2 15 21 1 5, 3 12 35 0 13, 19 11 16 1 5, 20 12 48 1 11, 17 10 34 1 11, 6 13 33 1 8, 7 1 38 1 11, 8 6 16 1 4, 10 14 26 1 7, 11 1 15 1 3
19 2 9 1 1, 13 2 44 1 15, 6 6 29 1 6, 2 7 21 0 6, 3 13 20 1 6, 7 13 5 1 1, 16 13 46 0 13, 10 7 15 1 3, 14 4 47 1 17, 20 4 18 1 5, 11 3 28 0 9, 1 14 23 1 5, 18 2 10 1 3, 12 6 41 1 15, 15 5 14 1 4
3 1 22 1 7, 2 15 20 0 5, 10 3 48 0 11, 8 12 44 1 11, 1 1 34 0 9, 7 8 39 0 11, 9 3 24 0 8, 11 14 17 0 6
8 2 6 0 1, 2 14 36 1 7, 7 1 40 0 15, 1 6 30 0 7, 4 6 23 0 6, 6 2 28 1 7, 9 5 40 1 15, 3 13 8 0 2, 5 6 29 1 6
11 7 39 1 14, 14 1 5 1 1, 7 11 15 1 4, 13 2 26 1 7, 15 9 39 1 15, 9 14 7 1 1, 8 3 18 1 5, 5 15 24 0 5, 6 2 42 0 9, 4 12 41 1 10, 2 15 44 0 14, 1 11 29 1 9, 18 9 22 1 7, 3 5 5 0 1, 10 4 18 1 4, 12 6 13 0 4
17 8 15 1 4, 14 6 13 1 3, 18 15 50 0 19, 1 11 41 1 8, 12 13 41 1 13, 15 4 4 1 1, 13 12 18 1 4, 16 11 18 1 7
1 9 43 1 14, 12 10 31 1 7, 7 9 29 1 8, 11 15 47 1 16, 5 4 9 1 3, 2 1 10 1 2, 10 15 25 1 7, 3 4 8 1 2, 13 10 7 1 2, 9 12 10 1 3, 8 3 8 1 1
9 1 12 1 2, 10 11 11 0 3, 1 11 41 1 13, 11 8 30 1 8, 6 6 5 1 1, 21 14 14 0 3, 18 11 18 0 4, 8 7 19 0 6, 7 5 5 0 1, 20 14 15 0 3, 15 5 9 1 1, 16 9 5 1 1, 17 13 19 1 5
1 11 44 0 10, 6 13 46 1 16, 18 2 15 1 3, 13 6 33 0 7, 7 11 19 1 3, 16 8 8 1 2, 22 11 17 0 6, 19 1 6 1 2, 20 10 10 1 3, 2 10 13 1 4, 15 8 7 1 2, 17 2 42 0 16, 12 8 17 1 4
7 13 49 1 13, 9 15 13 1 2, 4 1 13 0 4, 1 3 8 1 2, 6 5 46 1 14, 10 11 27 0 6, 12 15 36 0 8, 11 10 48 1 17, 14 2 11 0 3, 5 9 17 1 5, 15 1 16 0 5, 16 15 19 0 6, 17 10 32 1 12
