1, 8, 18, 2, 12, 7, 2, 17, 15, 12, 4, 18, 1, 7, 12, 7, 4, 7, 18, 12, 8, 2, 18, 12, 7, 18, 12, 15, 15, 17, 4, 17, 2, 1, 7, 15, 4, 18, 12, 17, 18, 8, 2, 12, 4, 4, 8, 17, 4, 8, 2, 1, 12, 12, 4, 18, 7, 7, 2, 18, 15, 1, 12, 8, 17, 15, 7, 12, 15, 17, 12, 1, 7, 12, 18, 12, 2, 15, 8, 17, 15, 2, 12, 1, 4, 17, 4, 18, 1, 4, 18, 8, 2, 17, 4, 17, 7, 2, 7, 7, 17, 8, 17, 17, 2, 15, 4
3 15 43 1 8, 1 14 10 1 3, 5 13 30 1 7, 6 12 25 1 9, 4 12 43 0 14, 2 15 18 0 5, 7 11 39 1 12, 8 8 47 1 11
6 1 42 1 11, 3 4 40 0 9, 4 7 20 1 5, 7 6 25 0 7, 5 1 33 1 12, 9 13 12 1 3, 1 5 10 0 2, 2 15 7 0 2, 8 15 44 0 11, 10 14 24 1 7, 11 6 38 1 11, 14 10 37 1 13
1 2 18 1 5, 7 10 20 1 5, 13 6 21 1 7, 2 8 38 1 10, 3 9 20 1 6, 16 7 23 1 8, 10 9 33 1 12, 4 5 8 0 3, 8 6 45 1 17, 15 12 24 0 7, 9 3 5 0 1, 11 11 41 0 11, 12 15 29 1 11
20 6 18 1 5, 19 1 35 0 8, 10 12 5 1 1, 21 1 32 0 10, 1 7 12 1 3, 8 5 9 1 3, 7 3 22 1 6, 9 6 24 0 8, 11 9 48 1 13, 14 11 20 1 6, 16 14 10 0 2, 17 7 20 1 5, 18 4 29 1 8
14 13 32 1 10, 12 3 43 1 14, 17 2 39 1 8, 15 10 36 1 11, 13 10 44 1 15, 1 4 50 1 14, 18 7 15 0 4, 20 3 45 0 14, 16 14 28 1 7
4 12 41 1 10, 12 10 7 1 1, 1 11 29 1 9, 10 4 18 1 4, 7 11 15 1 4, 8 3 18 1 5, 3 5 5 0 1, 2 15 44 0 14, 13 3 22 1 4, 11 7 39 1 14, 14 1 5 1 1, 5 15 24 0 5, 6 2 42 0 9, 9 6 5 1 1, 15 9 39 1 15, 18 13 19 0 5
7 9 47 1 18, 12 5 48 1 12, 10 14 50 1 17, 13 1 9 0 2, 1 11 18 1 5, 2 12 41 0 11, 11 13 7 1 1, 14 3 22 0 7, 6 5 43 1 13, 15 1 42 1 15
1 11 44 0 10, 19 6 7 1 1, 18 2 15 1 3, 13 6 33 0 7, 8 9 17 1 3, 20 9 5 0 1, 22 11 17 0 6, 15 8 7 1 2, 11 1 24 1 8, 16 1 5 1 1, 10 13 16 0 6, 9 2 29 1 9, 17 2 42 0 16, 12 4 21 1 7
7 3 44 0 9, 12 5 31 0 8, 8 13 10 1 2, 13 3 30 0 11, 10 11 27 0 6, 3 2 21 0 4, 2 6 12 0 3, 16 4 18 1 6, 6 8 47 0 14, 1 3 8 1 2, 17 10 32 1 12, 11 10 48 1 17
