3, 3, 3, 3, 9, 18, 9, 15, 6, 3, 15, 15, 18, 6, 3, 12, 18, 6, 12, 18, 17, 17, 3, 6, 3, 9, 11, 6, 17, 9, 3, 12, 2, 12, 18, 3, 11, 9, 2, 2, 9, 18, 9, 11, 17, 2, 11, 9, 11, 6, 17, 18, 3, 12, 15, 6, 9, 6, 2, 2, 11, 12, 15, 6, 17, 15, 17, 15, 9, 12, 9, 15, 18, 3, 9, 6, 6, 15, 3, 3, 12, 12, 6, 18, 6, 2, 9, 17, 3, 3, 9, 3, 18, 12, 6, 2, 3, 17, 15, 12, 2, 2, 15, 6, 17, 12, 17, 9, 18, 11, 6, 15, 12, 12, 11, 18, 11, 17, 12, 3, 2, 12, 18
1 5 10 0 2, 8 10 41 1 8, 2 9 8 1 2, 13 7 39 1 12, 5 1 33 1 12, 3 4 40 0 9, 7 6 25 0 7, 4 7 20 1 5, 12 4 25 1 5, 14 10 37 1 13, 6 5 38 1 10
16 10 49 0 10, 8 1 6 1 1, 18 7 29 1 8, 9 5 30 1 6, 7 1 50 0 18, 10 13 40 0 10, 6 13 5 1 1, 17 10 20 1 4, 19 3 20 0 6, 3 7 8 0 2, 1 4 29 1 7, 5 2 19 0 3, 2 11 27 1 9, 4 7 13 0 5, 14 2 11 1 3, 13 14 33 0 6, 11 2 29 1 9, 15 14 16 1 4, 12 12 16 1 3
17 1 47 0 10, 1 4 33 0 8, 10 8 14 0 4, 16 5 31 1 10, 2 6 19 1 5, 9 4 19 1 4, 5 6 33 0 8, 3 5 14 1 4, 4 5 17 0 6, 6 10 18 0 7, 18 9 30 0 10, 14 7 10 1 3, 7 9 17 1 4, 15 14 13 1 3, 19 12 15 0 4, 20 9 24 1 4
16 2 45 0 11, 13 2 44 1 15, 20 4 18 1 5, 14 15 42 0 9, 17 3 25 1 5, 15 5 14 1 4, 10 4 19 0 5, 7 13 5 1 1, 2 7 21 0 6, 1 12 21 0 7, 4 3 13 0 3, 5 3 6 1 2, 11 15 20 1 6, 6 6 29 1 6, 12 6 41 1 15
2 14 36 1 7, 1 6 30 0 7, 8 2 6 0 1, 6 10 27 1 10, 3 13 8 0 2, 9 9 39 1 8, 4 5 21 1 7, 7 1 40 0 15, 5 6 29 1 6
6 13 45 0 13, 1 1 31 1 12, 17 12 38 0 8, 4 12 41 1 10, 2 8 46 1 11, 18 13 19 0 5, 8 3 18 1 5, 16 7 10 1 2, 9 6 5 1 1, 10 4 18 1 4, 13 3 22 1 4, 3 5 5 0 1, 7 11 15 1 4, 5 15 24 0 5, 11 7 39 1 14, 12 6 13 0 4
12 7 45 0 13, 4 7 8 0 2, 13 6 11 1 3, 14 9 21 1 7, 11 8 6 0 1, 10 14 50 1 17, 1 11 18 1 5, 7 9 47 1 18, 15 12 47 1 17, 5 2 12 1 4, 3 6 17 0 5, 6 4 48 1 17
13 6 33 0 7, 14 1 17 0 6, 7 11 19 1 3, 17 2 42 0 16, 18 2 15 1 3, 1 11 44 0 10, 19 1 6 1 2, 20 11 9 1 2, 2 10 13 1 4, 22 11 17 0 6, 6 13 46 1 16, 12 4 21 1 7
1 3 8 1 2, 12 5 31 0 8, 7 13 49 1 13, 15 14 18 1 6, 11 10 48 1 17, 3 2 21 0 4, 9 15 13 1 2, 2 8 13 1 2, 14 2 11 0 3, 6 5 46 1 14, 16 15 19 0 6, 10 11 27 0 6, 17 3 36 1 12
