8, 7, 14, 4, 7, 4, 1, 8, 1, 1, 4, 7, 8, 5, 5, 13, 10, 16, 14, 16, 13, 8, 7, 5, 4, 5, 1, 14, 4, 7, 8, 4, 10, 7, 1, 10, 7, 16, 1, 8, 14, 16, 13, 4, 13, 16, 14, 5, 7, 16, 4, 8, 10, 10, 16, 14, 8, 16, 4, 4, 4, 7, 5, 8, 14, 14, 14, 1, 10, 8, 16, 13, 5, 16, 16, 4, 10, 13, 7, 8, 7, 16, 10, 7, 1, 13, 13, 4, 5, 5, 8, 10, 14, 16, 14
1 14 10 1 3, 2 15 18 0 5, 3 15 43 1 8, 4 12 43 0 14, 5 13 30 1 7, 6 12 25 1 9, 7 1 40 1 15, 8 8 47 1 11
1 2 18 1 5, 15 12 24 0 7, 2 12 30 0 9, 13 6 21 1 7, 16 7 23 1 8, 3 9 20 1 6, 4 5 8 0 3, 7 10 20 1 5, 8 6 45 1 17, 9 3 5 0 1, 10 9 33 1 12, 11 11 41 0 11, 12 14 31 0 6
1 11 31 1 10, 17 3 21 1 5, 15 13 26 1 6, 17 14 29 0 7, 17 2 27 1 6, 2 15 39 1 8, 16 13 14 1 3, 14 12 13 0 2, 18 7 34 1 12
7 3 22 1 6, 1 8 17 1 5, 8 5 9 1 3, 10 13 11 0 3, 19 2 31 1 6, 20 6 18 1 5, 9 6 24 0 8, 11 2 47 1 15, 12 8 30 1 6, 21 10 28 0 5, 13 13 19 0 7, 18 4 29 1 8
18 7 15 0 4, 17 10 34 1 11, 1 4 50 1 14, 2 8 23 1 9, 3 12 35 0 13, 20 3 45 0 14, 4 4 11 0 3, 5 2 18 1 3, 7 3 35 1 8, 8 6 16 1 4, 10 5 23 1 5, 11 1 15 1 3
3 13 24 0 7, 4 13 20 0 6, 2 15 20 0 5, 1 4 33 1 10, 5 4 37 1 14, 6 5 10 1 3, 9 9 19 1 4, 10 12 45 1 9, 11 14 17 0 6
15 4 4 1 1, 12 6 38 1 8, 1 10 44 1 15, 17 8 15 1 4, 13 9 21 0 7, 14 6 13 1 3, 18 2 44 1 16, 16 14 13 1 2
10 9 28 1 6, 1 9 43 1 14, 9 12 10 1 3, 2 1 10 1 2, 12 14 29 0 8, 3 4 8 1 2, 11 4 42 1 11, 13 6 9 0 1, 5 4 9 1 3, 7 9 29 1 8, 8 3 8 1 1
6 12 10 0 2, 7 6 9 0 1, 1 11 41 1 13, 8 5 16 0 4, 11 7 39 1 10, 18 11 18 0 4, 9 10 9 1 2, 10 11 11 0 3, 20 14 15 0 3, 15 4 6 1 2, 16 9 5 1 1, 17 3 20 1 5, 21 12 29 1 11
