9, 18, 17, 4, 7, 9, 7, 9, 17, 14, 18, 18, 18, 17, 4, 9, 18, 8, 4, 4, 8, 16, 7, 14, 7, 9, 7, 16, 14, 7, 8, 4, 18, 17, 17, 13, 14, 9, 8, 16, 13, 4, 8, 14, 18, 17, 9, 18, 17, 4, 16, 7, 16, 9, 8, 17, 13, 7, 13, 18, 9, 18, 8, 14, 16, 16, 9, 17, 14, 16, 18, 13, 4, 7, 16, 7, 18, 4, 8, 9, 9, 7, 14, 4, 16, 9, 4, 17, 8, 17, 16, 9, 14, 13, 16, 13, 4, 16, 14, 7, 17, 4, 18, 8, 17, 8, 13, 14, 9
13 1 28 1 10, 1 2 18 1 5, 15 12 24 0 7, 2 12 30 0 9, 7 10 20 1 5, 3 9 20 1 6, 16 7 23 1 8, 4 5 8 0 3, 8 6 45 1 17, 9 12 9 0 2, 10 5 39 1 8, 11 7 36 1 13, 12 14 31 0 6
8 5 9 1 3, 21 1 32 0 10, 1 7 12 1 3, 19 2 31 1 6, 10 12 5 1 1, 7 3 22 1 6, 20 11 23 0 4, 9 2 28 0 8, 11 2 47 1 15, 12 1 27 1 10, 13 9 18 1 6, 18 13 26 1 6
1 4 50 1 14, 6 13 33 1 8, 2 15 21 1 5, 3 12 35 0 13, 17 10 34 1 11, 18 7 15 0 4, 20 3 45 0 14, 10 14 26 1 7, 8 15 17 0 4, 7 3 35 1 8, 11 8 17 0 3
1 12 21 0 7, 15 9 21 1 5, 17 5 23 0 4, 14 15 42 0 9, 7 13 5 1 1, 13 2 44 1 15, 10 14 10 0 3, 11 11 22 0 7, 20 4 18 1 5, 16 4 42 0 11, 4 3 13 0 3, 2 7 21 0 6, 5 6 5 1 1, 6 6 29 1 6, 12 4 45 0 13
12 13 41 1 13, 14 14 19 1 7, 15 6 5 1 1, 1 11 41 1 8, 13 10 16 1 5, 18 2 44 1 16, 17 8 15 1 4, 16 14 13 1 2
13 10 7 1 2, 1 9 43 1 14, 6 13 33 0 9, 10 9 28 1 6, 12 14 29 0 8, 2 1 10 1 2, 9 12 10 1 3, 3 4 8 1 2, 11 4 42 1 11, 5 4 9 1 3, 8 3 8 1 1
6 6 5 1 1, 1 11 41 1 13, 7 5 5 0 1, 15 1 8 1 2, 8 5 16 0 4, 10 11 11 0 3, 9 10 9 1 2, 16 9 5 1 1, 11 15 40 0 10, 18 11 18 0 4, 20 15 23 1 8, 21 14 14 0 3, 17 13 19 1 5
15 8 7 1 2, 18 10 18 1 6, 1 10 46 1 13, 2 10 13 1 4, 13 6 33 0 7, 16 8 8 1 2, 19 1 6 1 2, 6 13 46 1 16, 22 14 20 1 7, 20 11 9 1 2, 7 11 19 1 3, 17 2 42 0 16, 12 8 17 1 4
14 2 11 0 3, 9 15 13 1 2, 7 3 44 0 9, 5 9 17 1 5, 15 14 18 1 6, 6 5 46 1 14, 16 4 18 1 6, 1 3 8 1 2, 10 11 27 0 6, 12 5 31 0 8, 4 1 13 0 4, 11 10 48 1 17, 17 10 32 1 12
