8, 7, 4, 2, 2, 4, 16, 5, 17, 4, 4, 13, 14, 17, 4, 14, 16, 16, 1, 7, 1, 7, 5, 4, 7, 13, 2, 7, 4, 11, 11, 17, 13, 16, 8, 14, 17, 5, 8, 10, 5, 17, 10, 2, 2, 16, 4, 13, 1, 16, 1, 10, 7, 8, 13, 8, 8, 7, 16, 7, 11, 1, 17, 5, 11, 10, 17, 4, 4, 4, 16, 2, 14, 8, 7, 17, 1, 5, 8, 11, 2, 17, 16, 10, 14, 2, 11, 7, 14, 5, 8, 10, 2, 13, 17, 8, 14, 1, 11, 10, 7, 11, 16, 13, 2, 17, 17, 14, 10, 13, 4, 7, 16, 1, 17, 5, 14, 5, 14, 4, 16, 2, 10, 8, 8, 16, 11
1 14 10 1 3, 5 13 30 1 7, 4 12 43 0 14, 2 11 24 1 7, 3 15 43 1 8, 6 12 25 1 9, 7 5 49 1 10, 8 8 47 1 11
12 4 25 1 5, 1 5 10 0 2, 13 7 39 1 12, 4 9 10 1 3, 7 15 30 1 10, 5 1 33 1 12, 2 9 8 1 2, 8 10 41 1 8, 14 10 37 1 13, 3 4 40 0 9, 6 5 38 1 10
2 12 30 0 9, 13 6 21 1 7, 1 2 18 1 5, 14 10 18 0 6, 4 5 8 0 3, 3 9 20 1 6, 8 6 45 1 17, 7 1 23 1 5, 9 3 5 0 1, 10 5 39 1 8, 11 11 41 0 11, 16 7 23 1 8, 12 15 29 1 11
1 11 31 1 10, 15 5 24 1 7, 17 3 21 1 5, 17 3 21 1 5, 14 2 14 1 5, 17 7 30 1 8, 16 13 14 1 3, 2 3 34 0 8, 18 7 34 1 12
1 7 12 1 3, 7 3 22 1 6, 8 5 9 1 3, 9 2 28 0 8, 12 8 30 1 6, 11 2 47 1 15, 10 12 5 1 1, 20 6 18 1 5, 19 2 31 1 6, 13 14 20 1 4, 21 10 28 0 5, 18 13 26 1 6
17 10 34 1 11, 1 4 50 1 14, 3 12 35 0 13, 18 7 15 0 4, 2 15 21 1 5, 20 3 45 0 14, 4 7 13 1 2, 5 11 20 0 4, 7 3 35 1 8, 8 6 16 1 4, 9 9 24 1 7, 11 1 15 1 3
4 13 20 0 6, 2 6 27 1 5, 1 4 33 1 10, 6 9 12 0 3, 5 7 35 0 11, 9 9 19 1 4, 3 1 22 1 7, 10 12 45 1 9, 11 14 17 0 6
1 6 30 0 7, 7 1 40 0 15, 4 5 21 1 7, 6 10 27 1 10, 8 2 6 0 1, 2 15 44 1 17, 9 13 36 1 7, 3 13 8 0 2, 5 6 29 1 6
17 11 19 1 6, 16 14 13 1 2, 14 6 13 1 3, 13 10 16 1 5, 1 10 44 1 15, 15 6 5 1 1, 12 13 41 1 13, 18 2 44 1 16
1 9 43 1 14, 10 15 25 1 7, 12 9 35 1 7, 6 4 27 1 7, 9 12 10 1 3, 11 4 42 1 11, 4 6 25 1 8, 13 10 7 1 2, 5 4 9 1 3, 8 3 8 1 1
1 1 43 1 10, 20 14 15 0 3, 6 6 5 1 1, 7 5 5 0 1, 8 5 16 0 4, 9 10 9 1 2, 21 12 29 1 11, 10 11 11 0 3, 18 4 26 0 7, 11 15 40 0 10, 15 7 10 0 2, 16 9 5 1 1, 17 13 19 1 5
2 5 16 1 3, 1 11 44 0 10, 7 11 19 1 3, 18 2 15 1 3, 6 13 46 1 16, 12 4 21 1 7, 20 11 9 1 2, 13 6 33 0 7, 15 5 8 0 3, 19 1 6 1 2, 16 8 8 1 2, 22 14 20 1 7, 17 2 42 0 16
