7, 18, 15, 16, 13, 4, 14, 6, 6, 5, 18, 8, 18, 6, 7, 15, 17, 6, 18, 8, 8, 6, 4, 7, 16, 13, 13, 14, 9, 8, 4, 4, 14, 15, 6, 16, 14, 4, 5, 17, 15, 7, 4, 9, 16, 9, 18, 18, 9, 7, 14, 9, 4, 16, 6, 7, 17, 6, 9, 4, 13, 16, 17, 18, 15, 8, 8, 6, 7, 18, 9, 15, 13, 17, 15, 4, 8, 18, 17, 6, 6, 16, 18, 5, 4, 9, 14, 4, 17, 14, 5, 16, 9, 13, 7, 6, 16, 5, 7, 9, 17, 9, 5, 15, 6, 14, 5, 9, 17, 16, 4, 13, 8, 9, 16, 15, 13, 8, 17, 7, 16, 6, 17, 14, 5, 15, 8, 9, 16, 7, 14, 18, 6, 9, 6, 8, 17, 4, 7, 8, 18, 17
16 7 23 1 8, 1 2 18 1 5, 13 6 21 1 7, 15 12 24 0 7, 2 8 38 1 10, 3 9 20 1 6, 4 5 8 0 3, 7 10 20 1 5, 8 6 45 1 17, 9 3 5 0 1, 10 9 33 1 12, 11 7 36 1 13, 12 14 31 0 6
17 14 29 0 7, 15 5 24 1 7, 1 3 35 1 8, 14 8 11 1 3, 17 3 21 1 5, 16 13 14 1 3, 2 15 39 1 8, 18 3 39 1 11
2 6 19 1 5, 1 4 33 0 8, 16 1 36 0 10, 3 5 14 1 4, 5 6 33 0 8, 4 5 17 0 6, 19 1 18 0 6, 15 14 13 1 3, 17 12 44 1 15, 7 9 17 1 4, 20 11 25 1 7, 9 4 19 1 4, 18 13 29 1 7, 10 15 17 0 6, 6 10 18 0 7, 14 7 10 1 3
19 2 31 1 6, 8 5 9 1 3, 20 6 18 1 5, 21 1 32 0 10, 9 1 27 0 7, 7 3 22 1 6, 11 2 47 1 15, 1 7 12 1 3, 10 6 8 0 1, 12 1 27 1 10, 13 14 20 1 4, 18 13 26 1 6
2 15 21 1 5, 18 7 15 0 4, 3 12 35 0 13, 7 3 35 1 8, 1 4 50 1 14, 4 4 11 0 3, 17 10 34 1 11, 20 12 48 1 11, 5 2 18 1 3, 8 6 16 1 4, 9 9 24 1 7, 11 1 15 1 3
20 4 18 1 5, 16 13 46 0 13, 17 15 20 1 6, 14 15 42 0 9, 13 2 44 1 15, 15 5 14 1 4, 1 12 21 0 7, 2 7 21 0 6, 11 10 27 1 5, 10 14 10 0 3, 6 6 29 1 6, 7 15 6 1 2, 4 3 13 0 3, 5 6 5 1 1, 12 6 41 1 15
13 10 16 1 5, 17 8 15 1 4, 15 6 5 1 1, 18 2 44 1 16, 1 13 50 1 11, 12 4 44 1 9, 14 13 14 1 5, 16 11 18 1 7
1 9 43 1 14, 13 10 7 1 2, 12 14 29 0 8, 9 12 10 1 3, 10 15 25 1 7, 6 13 33 0 9, 4 3 18 0 3, 11 4 42 1 11, 5 4 9 1 3, 8 3 8 1 1
10 14 50 1 17, 1 11 18 1 5, 14 9 21 1 7, 7 9 47 1 18, 11 8 6 0 1, 13 6 11 1 3, 15 1 42 1 15, 12 7 45 0 13, 2 12 41 0 11, 6 5 43 1 13
1 11 41 1 13, 11 7 39 1 10, 20 14 15 0 3, 15 5 9 1 1, 9 10 9 1 2, 7 6 9 0 1, 10 14 21 0 5, 8 5 16 0 4, 6 12 10 0 2, 16 12 6 1 2, 21 14 14 0 3, 18 11 18 0 4, 17 13 19 1 5
16 8 8 1 2, 1 11 44 0 10, 6 13 46 1 16, 13 6 33 0 7, 22 11 17 0 6, 15 8 7 1 2, 7 2 23 1 9, 20 9 5 0 1, 12 8 17 1 4, 2 10 13 1 4, 18 2 15 1 3, 19 1 6 1 2, 17 2 42 0 16
12 5 31 0 8, 13 3 30 0 11, 16 4 18 1 6, 7 3 44 0 9, 11 10 48 1 17, 1 8 13 0 4, 9 8 16 1 3, 2 6 12 0 3, 6 5 46 1 14, 10 11 27 0 6, 3 2 21 0 4, 17 10 32 1 12
