12, 3, 11, 3, 12, 3, 10, 12, 2, 15, 12, 6, 10, 6, 6, 12, 2, 12, 12, 15, 3, 5, 6, 6, 15, 3, 12, 15, 2, 10, 12, 3, 15, 2, 11, 3, 2, 3, 3, 1, 1, 11, 6, 1, 15, 10, 3, 10, 5, 6, 2, 5, 1, 10, 15, 6, 2, 5, 3, 15, 6, 11, 3, 12, 10, 3, 3, 15, 11, 11, 11, 1, 11, 1, 10, 3, 6, 2, 3, 6, 6, 15, 6, 11, 1, 2, 3, 12, 6, 2, 15, 5, 6, 5, 12, 5, 2, 12, 12, 12, 10, 6, 15, 3, 1, 2, 3, 12
1 14 10 1 3, 4 12 43 0 14, 6 12 25 1 9, 2 15 18 0 5, 5 13 30 1 7, 7 11 39 1 12, 3 15 43 1 8, 8 8 47 1 11
1 8 16 1 4, 5 1 33 1 12, 2 8 6 0 1, 8 15 44 0 11, 7 6 25 0 7, 10 15 30 1 10, 11 6 38 1 11, 4 12 13 0 3, 3 4 40 0 9, 9 2 10 1 2, 6 5 38 1 10, 14 10 37 1 13
2 12 30 0 11, 16 10 49 0 10, 1 4 29 1 7, 14 2 11 1 3, 7 5 39 1 8, 9 5 30 1 6, 15 1 10 1 3, 19 3 20 0 6, 17 10 20 1 4, 5 2 19 0 3, 10 12 50 0 15, 6 13 5 1 1, 3 7 8 0 2, 13 14 33 0 6, 11 2 29 1 9, 18 13 33 0 8, 4 7 13 0 5, 8 1 6 1 1, 12 12 16 1 3
15 5 24 1 7, 14 8 11 1 3, 17 3 21 1 5, 17 3 21 1 5, 16 13 14 1 3, 1 3 35 1 8, 18 10 40 0 14
5 11 39 0 8, 7 9 17 1 4, 10 10 19 1 5, 3 5 14 1 4, 1 4 33 0 8, 9 11 15 1 5, 6 10 18 0 7, 16 5 31 1 10, 4 5 17 0 6, 14 7 10 1 3, 18 9 30 0 10, 2 6 19 1 5, 15 2 14 1 5, 19 12 15 0 4, 17 12 44 1 15, 20 9 24 1 4
4 13 20 0 6, 1 3 40 1 13, 2 15 20 0 5, 5 7 35 0 11, 3 1 22 1 7, 9 9 19 1 4, 10 3 48 0 11, 6 5 10 1 3, 11 14 17 0 6
6 2 28 1 7, 1 1 38 0 14, 8 2 6 0 1, 9 13 36 1 7, 2 14 36 1 7, 7 14 42 1 14, 3 11 9 1 3, 4 5 21 1 7, 5 6 29 1 6
8 3 18 1 5, 6 13 45 0 13, 9 6 5 1 1, 13 3 22 1 4, 16 7 10 1 2, 11 7 39 1 14, 4 12 41 1 10, 17 12 38 0 8, 1 11 29 1 9, 2 15 44 0 14, 3 5 5 0 1, 10 4 18 1 4, 7 8 19 1 4, 18 13 19 0 5, 5 15 24 0 5, 12 10 7 1 1
12 7 45 0 13, 10 14 50 1 17, 14 9 21 1 7, 7 9 47 1 18, 4 7 8 0 2, 11 8 6 0 1, 5 2 12 1 4, 13 1 9 0 2, 15 1 42 1 15, 3 6 17 0 5, 1 1 20 1 6, 6 5 43 1 13
