3, 3, 6, 2, 9, 16, 7, 16, 13, 5, 3, 11, 3, 18, 6, 7, 13, 3, 16, 18, 3, 14, 6, 9, 2, 2, 18, 6, 11, 9, 11, 9, 11, 14, 3, 6, 2, 7, 5, 3, 9, 16, 7, 18, 3, 2, 18, 7, 7, 3, 10, 16, 18, 18, 6, 6, 14, 5, 3, 10, 10, 9, 7, 14, 9, 7, 16, 2, 18, 5, 14, 9, 3, 2, 13, 6, 11, 11, 6, 9, 5, 14, 2, 18, 7, 16, 10, 16, 3, 13, 3, 10, 6, 9, 5, 18, 11, 2, 13, 10, 9, 9, 3, 11, 6, 9, 13, 13, 14, 16, 3, 3, 6, 14, 5, 6, 14, 6, 2, 16, 6, 10, 9, 18, 3, 13, 7, 16, 16, 7, 10, 18, 14, 7, 5, 6, 3, 11, 9, 16, 2
13 7 39 1 12, 5 11 43 1 15, 7 11 33 1 7, 4 9 10 1 3, 1 5 10 0 2, 8 10 41 1 8, 2 8 6 0 1, 12 4 25 1 5, 3 4 40 0 9, 14 12 40 1 14, 6 1 42 1 11
16 10 49 0 10, 7 5 39 1 8, 1 4 29 1 7, 13 14 33 0 6, 6 13 5 1 1, 19 3 20 0 6, 8 1 6 1 1, 14 2 11 1 3, 5 2 19 0 3, 17 10 20 1 4, 2 12 30 0 11, 15 1 10 1 3, 9 5 30 1 6, 18 7 29 1 8, 10 13 40 0 10, 4 7 13 0 5, 3 7 8 0 2, 11 2 29 1 9, 12 12 16 1 3
14 8 11 1 3, 15 5 24 1 7, 17 14 29 0 7, 17 3 21 1 5, 2 15 39 1 8, 1 11 31 1 10, 16 13 14 1 3, 18 7 34 1 12
3 5 14 1 4, 17 12 44 1 15, 16 1 36 0 10, 18 10 26 0 8, 19 5 19 1 4, 1 4 33 0 8, 20 9 24 1 4, 2 3 21 1 8, 5 6 33 0 8, 4 5 17 0 6, 6 10 18 0 7, 15 14 13 1 3, 7 9 17 1 4, 10 15 17 0 6, 9 11 15 1 5, 14 10 14 0 3
7 3 22 1 6, 1 7 12 1 3, 20 6 18 1 5, 8 5 9 1 3, 9 6 24 0 8, 10 13 11 0 3, 11 2 47 1 15, 21 10 28 0 5, 19 1 35 0 8, 12 1 27 1 10, 13 13 19 0 7, 18 5 30 0 11
1 12 21 0 7, 10 14 10 0 3, 13 2 44 1 15, 16 13 46 0 13, 6 6 29 1 6, 20 8 21 0 4, 4 3 13 0 3, 17 3 25 1 5, 2 7 21 0 6, 11 9 24 1 8, 14 15 42 0 9, 15 5 14 1 4, 7 13 5 1 1, 5 3 6 1 2, 12 6 41 1 15
1 4 33 1 10, 3 1 22 1 7, 2 15 20 0 5, 8 12 44 1 11, 7 12 32 1 10, 9 9 19 1 4, 10 12 45 1 9, 11 14 17 0 6
1 6 30 0 7, 6 2 28 1 7, 2 14 36 1 7, 4 5 21 1 7, 7 1 40 0 15, 8 2 6 0 1, 9 13 36 1 7, 3 13 8 0 2, 5 3 33 1 7
12 4 44 1 9, 17 8 15 1 4, 14 13 14 1 5, 15 6 5 1 1, 13 10 16 1 5, 1 11 41 1 8, 16 11 18 1 7, 18 2 44 1 16
7 9 29 1 8, 1 9 43 1 14, 8 3 8 1 1, 5 4 9 1 3, 9 15 19 1 6, 4 3 18 0 3, 10 15 25 1 7, 12 14 29 0 8, 11 4 42 1 11, 13 10 7 1 2
1 11 41 1 13, 20 15 23 1 8, 11 8 30 1 8, 15 4 6 1 2, 18 11 18 0 4, 21 14 14 0 3, 16 12 6 1 2, 9 1 12 1 2, 7 14 10 0 2, 10 14 21 0 5, 6 6 5 1 1, 8 5 16 0 4, 17 8 24 0 5
7 3 44 0 9, 11 10 48 1 17, 1 3 8 1 2, 8 5 17 0 5, 2 8 13 1 2, 12 5 31 0 8, 3 2 21 0 4, 16 4 18 1 6, 13 9 26 1 5, 6 8 47 0 14, 10 3 28 0 7, 17 10 32 1 12
