3, 15, 18, 12, 3, 5, 12, 9, 6, 9, 17, 3, 18, 17, 6, 2, 17, 3, 15, 2, 3, 6, 6, 15, 12, 2, 12, 3, 5, 15, 14, 9, 6, 14, 9, 18, 3, 8, 12, 8, 15, 18, 9, 17, 3, 11, 11, 2, 12, 6, 18, 18, 15, 6, 11, 9, 2, 9, 2, 12, 8, 5, 9, 15, 15, 15, 8, 11, 3, 9, 17, 3, 17, 15, 18, 17, 9, 17, 3, 14, 3, 17, 12, 12, 17, 5, 11, 15, 9, 9, 3, 12, 18, 3, 11, 14, 8, 3, 3, 18, 8, 2, 2, 11, 5, 8, 14, 6, 2, 6, 6, 9, 5, 18, 17, 6, 2, 6, 18, 8, 12, 12, 3, 17, 14, 6, 5, 12, 18, 11, 14, 8, 14, 3, 15, 12, 2, 2, 9, 11, 15, 3, 17, 12, 8, 18, 14, 8, 8, 14, 6, 6, 5, 17, 14, 12, 6, 5, 9
11 6 38 1 11, 8 10 41 1 8, 2 8 6 0 1, 1 8 16 1 4, 5 1 33 1 12, 3 4 40 0 9, 9 2 10 1 2, 4 9 10 1 3, 7 6 25 0 7, 10 14 24 1 7, 14 10 37 1 13, 6 1 42 1 11
17 10 20 1 4, 16 15 44 1 10, 13 14 33 0 6, 1 11 34 1 9, 5 2 19 0 3, 8 1 6 1 1, 2 15 33 1 7, 14 2 11 1 3, 7 5 39 1 8, 6 13 5 1 1, 9 5 30 1 6, 18 7 29 1 8, 11 2 29 1 9, 15 1 10 1 3, 3 7 8 0 2, 4 7 13 0 5, 10 3 39 1 10, 19 8 29 0 7, 12 4 20 0 7
15 5 24 1 7, 1 11 31 1 10, 17 3 21 1 5, 17 3 21 1 5, 14 2 14 1 5, 17 3 21 1 5, 17 3 21 1 5, 16 8 19 1 4, 18 7 34 1 12
2 2 22 0 6, 3 5 14 1 4, 17 12 44 1 15, 5 6 33 0 8, 6 10 18 0 7, 18 10 26 0 8, 19 12 15 0 4, 15 14 13 1 3, 16 1 36 0 10, 1 4 33 0 8, 10 8 14 0 4, 7 9 17 1 4, 14 7 10 1 3, 20 9 24 1 4, 9 11 15 1 5, 4 5 17 0 6
1 4 50 1 14, 17 2 39 1 8, 2 8 23 1 9, 4 4 11 0 3, 20 3 45 0 14, 7 3 35 1 8, 18 7 15 0 4, 8 6 16 1 4, 9 9 24 1 7, 5 2 18 1 3, 3 12 35 0 13, 11 1 15 1 3
7 10 8 1 2, 13 2 44 1 15, 15 14 18 1 4, 18 10 16 1 3, 1 12 21 0 7, 10 14 10 0 3, 2 7 21 0 6, 6 6 29 1 6, 11 15 20 1 6, 16 13 46 0 13, 3 13 20 1 6, 14 15 42 0 9, 19 13 10 1 3, 20 4 18 1 5, 12 6 41 1 15
3 11 9 1 3, 9 13 36 1 7, 4 5 21 1 7, 8 14 7 0 2, 1 6 30 0 7, 2 14 36 1 7, 6 2 28 1 7, 5 6 29 1 6, 7 1 40 0 15
17 12 38 0 8, 8 3 18 1 5, 1 11 29 1 9, 2 15 44 0 14, 9 6 5 1 1, 10 4 18 1 4, 3 5 5 0 1, 13 3 22 1 4, 11 7 39 1 14, 16 7 10 1 2, 4 12 41 1 10, 18 13 19 0 5, 5 15 24 0 5, 6 13 45 0 13, 12 10 7 1 1, 7 8 19 1 4
1 9 43 1 14, 9 12 10 1 3, 5 4 9 1 3, 11 4 42 1 11, 7 5 30 1 8, 12 14 29 0 8, 13 10 7 1 2, 2 1 10 1 2, 3 4 8 1 2, 10 15 25 1 7, 8 3 8 1 1
9 2 18 1 5, 4 7 8 0 2, 12 7 45 0 13, 13 1 9 0 2, 11 8 6 0 1, 7 9 47 1 18, 14 9 21 1 7, 1 1 20 1 6, 5 15 15 1 4, 8 8 28 1 6, 15 1 42 1 15, 3 6 17 0 5, 6 5 43 1 13
11 1 24 1 8, 15 8 7 1 2, 16 8 8 1 2, 13 6 33 0 7, 19 1 6 1 2, 1 11 44 0 10, 8 1 20 1 7, 18 2 15 1 3, 20 10 10 1 3, 9 2 29 1 9, 22 11 17 0 6, 12 8 17 1 4, 10 15 13 1 2, 17 2 42 0 16
1 3 8 1 2, 12 5 31 0 8, 7 13 49 1 13, 2 6 12 0 3, 3 2 21 0 4, 14 2 11 0 3, 8 13 10 1 2, 11 10 48 1 17, 10 11 27 0 6, 6 8 47 0 14, 15 1 16 0 5, 16 4 18 1 6, 17 10 32 1 12
