16, 3, 6, 3, 14, 3, 16, 6, 11, 3, 16, 3, 5, 10, 9, 3, 3, 13, 11, 11, 16, 3, 9, 3, 16, 9, 6, 3, 9, 5, 14, 6, 13, 5, 10, 6, 14, 16, 5, 6, 14, 14, 9, 11, 13, 6, 3, 6, 3, 9, 9, 9, 10, 10, 6, 3, 5, 16, 13, 16, 13, 16, 6, 6, 11, 14, 13, 10, 9, 14, 11, 10, 11, 3, 9, 9, 16, 5, 3, 13, 11, 6, 6, 5, 9, 3, 14, 9, 9, 10, 3, 3, 14, 11, 6, 16, 9, 14, 13, 3, 10, 6, 14, 16, 9, 6, 16, 5
16 10 49 0 10, 1 4 29 1 7, 18 7 29 1 8, 10 7 41 0 11, 19 3 20 0 6, 6 13 5 1 1, 5 2 19 0 3, 7 5 39 1 8, 2 12 30 0 11, 8 1 6 1 1, 11 2 29 1 9, 9 5 30 1 6, 3 7 8 0 2, 13 14 33 0 6, 15 1 10 1 3, 12 12 16 1 3, 17 10 20 1 4, 14 2 11 1 3, 4 7 13 0 5
15 5 24 1 7, 17 3 21 1 5, 1 4 29 1 10, 17 3 21 1 5, 14 8 11 1 3, 16 8 19 1 4, 17 14 29 0 7, 18 7 34 1 12
1 4 33 0 8, 10 8 14 0 4, 17 1 47 0 10, 16 5 31 1 10, 9 11 15 1 5, 7 9 17 1 4, 6 10 18 0 7, 18 10 26 0 8, 5 6 33 0 8, 19 12 15 0 4, 14 7 10 1 3, 20 9 24 1 4, 3 5 14 1 4, 2 6 19 1 5, 15 14 13 1 3, 4 5 17 0 6
1 14 23 1 5, 13 2 44 1 15, 6 6 29 1 6, 12 6 41 1 15, 2 7 21 0 6, 14 15 42 0 9, 16 4 42 0 11, 11 15 20 1 6, 7 11 9 1 2, 10 14 10 0 3, 15 5 14 1 4, 18 2 10 1 3, 4 3 13 0 3, 5 6 5 1 1, 19 2 9 1 1, 20 12 25 1 8
1 4 33 1 10, 3 13 24 0 7, 8 12 44 1 11, 7 8 39 0 11, 10 3 48 0 11, 9 9 19 1 4, 2 6 27 1 5, 11 14 17 0 6
8 2 6 0 1, 1 6 30 0 7, 9 13 36 1 7, 2 14 36 1 7, 7 1 40 0 15, 3 13 8 0 2, 4 5 21 1 7, 6 2 28 1 7, 5 6 29 1 6
17 8 15 1 4, 1 11 41 1 8, 13 10 16 1 5, 15 4 4 1 1, 12 4 44 1 9, 14 4 18 1 5, 18 15 50 0 19, 16 14 13 1 2
1 9 43 1 14, 9 15 19 1 6, 12 10 31 1 7, 10 15 25 1 7, 2 1 10 1 2, 11 4 42 1 11, 3 7 9 1 2, 13 10 7 1 2, 5 4 9 1 3, 6 4 27 1 7, 8 3 8 1 1
6 12 10 0 2, 20 14 15 0 3, 7 5 5 0 1, 18 5 27 1 9, 1 11 41 1 13, 21 14 14 0 3, 11 15 40 0 10, 8 5 16 0 4, 10 12 16 0 6, 16 9 5 1 1, 15 1 8 1 2, 9 1 12 1 2, 17 3 20 1 5
