3, 4, 2, 8, 9, 17, 3, 12, 8, 10, 6, 6, 15, 18, 11, 3, 5, 17, 15, 12, 10, 6, 12, 16, 17, 16, 7, 1, 3, 7, 14, 4, 16, 3, 15, 12, 2, 4, 18, 16, 18, 3, 2, 4, 14, 12, 1, 9, 3, 3, 17, 8, 9, 3, 4, 7, 6, 2, 13, 6, 7, 12, 11, 18, 5, 12, 8, 14, 16, 4, 2, 13, 7, 15, 15, 9, 13, 2, 8, 6, 5, 3, 7, 9, 11, 1, 18, 7, 10, 8, 5, 6, 3, 17, 12, 16, 1, 3, 9, 14, 5, 12, 16, 18, 11, 15, 18, 9, 15, 4, 17, 14, 15, 18, 7, 12, 8, 18, 6, 14, 10, 4, 16, 2, 12, 7, 4, 9, 2, 9, 2, 15, 6, 15, 10, 11, 3, 6, 9, 4, 14, 17, 8, 1, 3, 1, 11, 9, 18, 15, 16, 14, 10, 17, 6, 12, 17, 8, 4, 2, 13, 9, 6, 6, 18, 16, 10, 12, 13, 3, 7, 11, 5, 7, 8, 16, 3, 4, 13, 17, 3, 14, 18, 12, 9, 1, 9, 6, 13, 6, 5, 1, 17, 3, 15, 11, 7, 5, 13, 16, 8, 18, 10, 11, 2, 4, 9, 16, 10, 6, 7, 3, 14, 12, 12
2 15 18 0 5, 6 12 25 1 9, 4 12 43 0 14, 7 11 39 1 12, 3 15 43 1 8, 1 14 10 1 3, 5 13 30 1 7, 8 8 47 1 11
4 9 10 1 3, 7 6 25 0 7, 1 5 10 0 2, 5 1 33 1 12, 14 10 37 1 13, 12 8 26 1 9, 8 10 41 1 8, 3 4 40 0 9, 2 15 7 0 2, 13 7 39 1 12, 6 1 42 1 11
12 1 19 1 4, 18 7 29 1 8, 7 6 44 1 9, 19 15 31 1 9, 16 10 49 0 10, 1 4 29 1 7, 14 6 14 1 4, 15 1 10 1 3, 8 1 6 1 1, 5 2 19 0 3, 9 5 30 1 6, 2 11 27 1 9, 13 14 33 0 6, 11 2 29 1 9, 17 10 20 1 4, 10 4 45 1 9, 3 7 8 0 2, 6 13 5 1 1, 4 3 20 1 6
15 12 24 0 7, 2 12 30 0 9, 3 9 20 1 6, 7 10 20 1 5, 4 5 8 0 3, 1 2 18 1 5, 8 6 45 1 17, 10 9 33 1 12, 13 6 21 1 7, 16 9 25 1 6, 9 3 5 0 1, 11 7 36 1 13, 12 15 29 1 11
17 3 21 1 5, 17 3 21 1 5, 15 13 26 1 6, 17 3 21 1 5, 14 8 11 1 3, 1 4 29 1 10, 16 13 14 1 3, 18 7 34 1 12
5 6 33 0 8, 1 4 33 0 8, 16 4 33 0 8, 2 6 19 1 5, 3 5 14 1 4, 17 12 44 1 15, 6 10 18 0 7, 7 9 17 1 4, 15 14 13 1 3, 8 8 38 1 14, 4 5 17 0 6, 20 9 24 1 4, 18 10 26 0 8, 19 12 15 0 4, 9 11 15 1 5, 14 7 10 1 3
10 12 5 1 1, 21 10 28 0 5, 11 2 47 1 15, 20 6 18 1 5, 9 1 27 0 7, 1 7 12 1 3, 19 2 31 1 6, 7 3 22 1 6, 14 11 20 1 6, 8 5 9 1 3, 16 14 10 0 2, 17 7 20 1 5, 18 13 26 1 6
1 4 50 1 14, 2 15 21 1 5, 3 12 35 0 13, 6 13 33 1 8, 19 11 16 1 5, 20 3 45 0 14, 17 10 34 1 11, 7 3 35 1 8, 9 9 24 1 7, 8 6 16 1 4, 11 1 15 1 3
13 2 44 1 15, 11 9 24 1 8, 17 15 20 1 6, 1 12 21 0 7, 14 15 42 0 9, 2 7 21 0 6, 7 13 5 1 1, 15 5 14 1 4, 20 12 25 1 8, 16 4 42 0 11, 4 3 13 0 3, 6 6 29 1 6, 5 6 5 1 1, 10 14 10 0 3, 12 4 45 0 13
2 15 20 0 5, 4 10 22 0 7, 5 7 35 0 11, 1 4 33 1 10, 3 1 22 1 7, 6 5 10 1 3, 9 2 23 1 5, 10 3 48 0 11, 11 14 17 0 6
6 2 28 1 7, 9 13 36 1 7, 1 1 38 0 14, 2 8 40 1 14, 7 14 42 1 14, 4 13 27 1 5, 3 13 8 0 2, 8 9 10 1 2, 5 6 29 1 6
14 13 9 0 2, 5 15 24 0 5, 8 3 18 1 5, 6 13 45 0 13, 11 7 39 1 14, 13 3 22 1 4, 3 5 5 0 1, 10 4 18 1 4, 1 11 29 1 9, 4 12 41 1 10, 7 11 15 1 4, 9 6 5 1 1, 2 15 44 0 14, 12 10 7 1 1, 15 9 39 1 15, 18 9 22 1 7
1 11 41 1 8, 13 10 16 1 5, 17 8 15 1 4, 14 6 13 1 3, 15 4 4 1 1, 12 13 41 1 13, 16 14 13 1 2, 18 2 44 1 16
1 9 43 1 14, 12 14 29 0 8, 5 4 9 1 3, 4 3 18 0 3, 10 15 25 1 7, 7 9 29 1 8, 8 3 8 1 1, 9 5 18 1 6, 11 14 43 1 12, 13 10 7 1 2
10 14 50 1 17, 13 6 11 1 3, 1 11 18 1 5, 3 6 17 0 5, 14 9 21 1 7, 7 9 47 1 18, 4 7 8 0 2, 12 7 45 0 13, 11 13 7 1 1, 15 1 42 1 15, 5 2 12 1 4, 6 5 43 1 13
10 11 11 0 3, 7 5 5 0 1, 20 14 15 0 3, 11 8 30 1 8, 18 11 18 0 4, 15 4 6 1 2, 6 6 5 1 1, 8 5 16 0 4, 16 9 5 1 1, 21 14 14 0 3, 1 2 45 0 9, 9 1 12 1 2, 17 13 19 1 5
1 11 44 0 10, 2 10 13 1 4, 18 2 15 1 3, 21 3 15 0 4, 22 6 19 1 5, 6 13 46 1 16, 13 6 33 0 7, 7 11 19 1 3, 14 3 12 1 3, 17 2 42 0 16, 12 4 21 1 7
6 5 46 1 14, 4 1 13 0 4, 7 7 48 1 15, 5 9 17 1 5, 14 2 11 0 3, 15 14 18 1 6, 8 13 10 1 2, 12 5 31 0 8, 10 11 27 0 6, 11 10 48 1 17, 1 3 8 1 2, 16 15 19 0 6, 17 10 32 1 12
