6, 4, 12, 18, 4, 2, 7, 10, 15, 18, 17, 17, 6, 6, 7, 10, 14, 1, 2, 12, 8, 7, 7, 15, 4, 2, 8, 12, 18, 14, 12, 2, 17, 4, 12, 10, 15, 17, 6, 12, 1, 4, 12, 10, 2, 6, 8, 4, 2, 14, 7, 1, 18, 12, 8, 8, 18, 18, 10, 15, 7, 6, 6, 7, 7, 6, 4, 12, 8, 12, 15, 12, 18, 15, 17, 6, 4, 8, 1, 4, 15, 15, 7, 14, 14, 17, 8, 1, 18, 6, 4, 18, 6, 1, 2, 18, 2, 8, 7, 7, 14, 12, 6, 17, 4, 14, 17, 1, 6, 18, 2, 14, 2, 7, 18, 10, 12, 10, 1, 12, 14, 12, 17, 6, 8, 10, 15, 17, 10, 14, 12, 6, 4, 4, 2, 6, 17, 15, 17, 7, 14, 8
5 13 30 1 7, 6 4 32 0 8, 7 1 40 1 15, 1 14 10 1 3, 3 15 43 1 8, 2 15 18 0 5, 4 12 43 0 14, 8 8 47 1 11
3 4 40 0 9, 5 1 33 1 12, 13 7 39 1 12, 1 8 16 1 4, 12 4 25 1 5, 2 8 6 0 1, 7 6 25 0 7, 8 10 41 1 8, 4 7 20 1 5, 6 5 38 1 10, 14 10 37 1 13
9 3 5 0 1, 14 14 28 0 6, 2 12 30 0 9, 13 6 21 1 7, 4 5 8 0 3, 7 1 23 1 5, 1 2 18 1 5, 16 9 25 1 6, 3 9 20 1 6, 10 9 33 1 12, 8 6 45 1 17, 11 7 36 1 13, 12 14 31 0 6
17 12 44 1 15, 16 4 33 0 8, 18 10 26 0 8, 15 13 16 0 5, 5 3 36 1 12, 1 4 33 0 8, 2 2 22 0 6, 10 8 14 0 4, 19 12 15 0 4, 6 2 24 1 5, 7 9 17 1 4, 14 7 10 1 3, 9 11 15 1 5, 3 5 14 1 4, 20 9 24 1 4, 4 5 17 0 6
11 2 47 1 15, 9 2 28 0 8, 8 10 10 0 2, 1 8 17 1 5, 16 14 10 0 2, 17 7 20 1 5, 10 12 5 1 1, 14 11 20 1 6, 21 10 28 0 5, 7 3 22 1 6, 19 1 35 0 8, 20 6 18 1 5, 18 13 26 1 6
2 15 21 1 5, 20 12 48 1 11, 17 10 34 1 11, 7 3 35 1 8, 18 7 15 0 4, 10 14 26 1 7, 1 4 50 1 14, 3 12 35 0 13, 6 13 33 1 8, 8 6 16 1 4, 11 1 15 1 3
6 9 12 0 3, 4 10 22 0 7, 1 1 34 0 9, 5 7 35 0 11, 2 15 20 0 5, 9 9 19 1 4, 3 1 22 1 7, 10 3 48 0 11, 11 14 17 0 6
10 4 18 1 4, 1 11 29 1 9, 2 15 44 0 14, 18 13 19 0 5, 4 12 41 1 10, 5 15 24 0 5, 17 12 38 0 8, 12 6 13 0 4, 3 5 5 0 1, 6 2 42 0 9, 8 3 18 1 5, 11 7 39 1 14, 16 10 13 0 4, 13 3 22 1 4, 9 6 5 1 1, 7 11 15 1 4
1 9 43 1 14, 12 14 29 0 8, 9 15 19 1 6, 13 10 7 1 2, 2 7 11 1 2, 3 7 9 1 2, 6 3 29 1 6, 10 15 25 1 7, 11 15 47 1 16, 5 4 9 1 3, 8 3 8 1 1
12 5 48 1 12, 7 9 47 1 18, 13 5 10 0 3, 6 5 43 1 13, 1 1 20 1 6, 2 12 41 0 11, 11 8 6 0 1, 10 14 50 1 17, 14 9 21 1 7, 15 1 42 1 15
13 6 33 0 7, 2 10 13 1 4, 18 2 15 1 3, 1 11 44 0 10, 21 12 18 1 6, 6 13 46 1 16, 16 8 8 1 2, 22 11 17 0 6, 7 11 19 1 3, 17 2 42 0 16, 15 8 7 1 2, 12 4 21 1 7
10 11 27 0 6, 12 5 31 0 8, 7 3 44 0 9, 16 15 19 0 6, 13 9 26 1 5, 17 10 32 1 12, 1 3 8 1 2, 5 9 17 1 5, 4 1 13 0 4, 6 5 46 1 14, 9 8 16 1 3, 11 10 48 1 17
