15, 3, 4, 14, 2, 12, 12, 3, 10, 4, 3, 3, 4, 6, 3, 12, 10, 12, 6, 15, 5, 2, 3, 11, 11, 4, 12, 1, 5, 3, 1, 4, 6, 13, 10, 3, 3, 14, 15, 12, 12, 11, 13, 2, 5, 14, 10, 5, 14, 11, 3, 14, 3, 2, 12, 3, 2, 15, 4, 10, 15, 6, 6, 2, 13, 6, 6, 15, 12, 11, 14, 1, 5, 13, 1, 1, 4, 12, 6, 10, 4, 15, 5, 4, 2, 6, 2, 6, 14, 10, 2, 11, 3, 6, 1, 14, 1, 12, 12, 10, 12, 6, 15, 3, 11, 6, 13, 3, 3, 4, 4, 3, 12, 12, 1, 2, 14, 6, 12, 15, 4, 13, 6, 11, 5, 14, 5, 11, 15, 13, 3, 4, 13, 14, 2, 3, 6, 10
4 12 43 0 14, 6 4 32 0 8, 7 11 39 1 12, 1 14 10 1 3, 2 15 18 0 5, 5 13 30 1 7, 3 15 43 1 8, 8 8 47 1 11
8 10 41 1 8, 13 7 39 1 12, 4 12 13 0 3, 12 4 25 1 5, 2 8 6 0 1, 14 10 37 1 13, 5 1 33 1 12, 1 5 10 0 2, 3 4 40 0 9, 7 6 25 0 7, 6 5 38 1 10
7 5 39 1 8, 9 5 30 1 6, 16 15 44 1 10, 6 12 9 1 3, 4 7 13 0 5, 10 13 40 0 10, 17 10 20 1 4, 18 6 30 1 9, 2 11 27 1 9, 13 14 33 0 6, 3 7 8 0 2, 1 4 29 1 7, 14 2 11 1 3, 5 2 19 0 3, 19 3 20 0 6, 15 1 10 1 3, 8 1 6 1 1, 11 2 29 1 9, 12 9 17 1 3
1 2 18 1 5, 13 6 21 1 7, 2 12 30 0 9, 8 6 45 1 17, 14 10 18 0 6, 4 5 8 0 3, 10 9 33 1 12, 3 9 20 1 6, 9 3 5 0 1, 7 10 20 1 5, 11 11 41 0 11, 16 7 23 1 8, 12 14 31 0 6
15 13 26 1 6, 17 3 21 1 5, 17 3 21 1 5, 14 2 14 1 5, 1 3 35 1 8, 16 13 14 1 3, 17 3 21 1 5, 18 7 34 1 12
1 4 33 0 8, 16 8 34 1 9, 9 4 19 1 4, 17 12 44 1 15, 19 12 15 0 4, 15 14 13 1 3, 5 6 33 0 8, 4 5 17 0 6, 7 15 24 0 6, 20 11 25 1 7, 2 6 19 1 5, 3 5 14 1 4, 18 10 26 0 8, 6 3 20 1 7, 10 8 14 0 4, 14 10 14 0 3
2 15 20 0 5, 4 13 20 0 6, 1 4 33 1 10, 3 1 22 1 7, 5 7 35 0 11, 6 5 10 1 3, 9 9 19 1 4, 10 3 48 0 11, 11 14 17 0 6
1 6 30 0 7, 6 10 27 1 10, 8 11 11 1 2, 9 9 39 1 8, 4 5 21 1 7, 2 14 36 1 7, 3 13 8 0 2, 7 14 42 1 14, 5 6 29 1 6
11 7 39 1 14, 1 11 29 1 9, 17 12 38 0 8, 18 13 19 0 5, 5 15 24 0 5, 2 15 44 0 14, 12 10 7 1 1, 10 4 18 1 4, 6 2 42 0 9, 13 3 22 1 4, 8 3 18 1 5, 9 6 5 1 1, 3 11 11 1 3, 16 7 10 1 2, 4 12 41 1 10, 7 11 15 1 4
1 11 41 1 8, 15 13 9 0 2, 13 10 16 1 5, 18 15 50 0 19, 17 8 15 1 4, 12 6 38 1 8, 14 1 15 0 4, 16 14 13 1 2
5 4 9 1 3, 12 14 29 0 8, 2 1 10 1 2, 1 3 46 1 12, 11 4 42 1 11, 3 7 9 1 2, 9 12 10 1 3, 7 9 29 1 8, 13 10 7 1 2, 10 15 25 1 7, 8 3 8 1 1
7 9 47 1 18, 14 3 22 0 7, 10 14 50 1 17, 1 11 18 1 5, 13 5 10 0 3, 12 7 45 0 13, 2 12 41 0 11, 15 12 47 1 17, 11 13 7 1 1, 6 4 48 1 17
