9, 4, 8, 1, 14, 18, 6, 8, 8, 12, 12, 18, 4, 15, 9, 16, 15, 16, 12, 7, 7, 13, 8, 4, 11, 17, 15, 18, 6, 1, 9, 6, 4, 12, 14, 15, 18, 15, 16, 9, 5, 1, 13, 7, 12, 9, 6, 17, 7, 18, 11, 17, 4, 18, 16, 9, 6, 6, 16, 4, 5, 13, 15, 7, 17, 7, 14, 9, 6, 9, 8, 11, 12, 4, 17, 12, 12, 7, 17, 11, 1, 5, 17, 7, 18, 11, 17, 12, 9, 13, 16, 1, 6, 15, 4, 14, 14, 4, 11, 4, 12, 6, 16, 15, 17, 5, 18, 7, 9, 13, 8, 16, 18, 17, 4, 14, 9, 15, 14, 8, 11, 6, 16, 12, 9, 6, 4, 16, 6, 18, 11, 14, 12, 12, 8, 1, 16, 17, 5, 13, 5, 17, 18, 9, 12, 7, 1, 6, 8, 7, 7, 5, 9, 17, 14, 18, 15, 12, 11, 13, 1, 15, 6, 13, 14, 9, 16, 6, 6, 12, 4, 16, 14
3 15 43 1 8, 1 14 10 1 3, 6 12 25 1 9, 4 12 43 0 14, 5 13 30 1 7, 7 11 39 1 12, 2 15 18 0 5, 8 8 47 1 11
14 10 18 0 6, 2 12 30 0 9, 1 2 18 1 5, 3 9 20 1 6, 16 7 23 1 8, 7 10 20 1 5, 13 6 21 1 7, 4 5 8 0 3, 8 6 45 1 17, 9 12 9 0 2, 10 9 33 1 12, 11 11 41 0 11, 12 15 29 1 11
15 5 24 1 7, 17 4 28 1 6, 17 3 21 1 5, 14 8 11 1 3, 1 4 29 1 10, 16 13 14 1 3, 18 7 34 1 12
17 1 47 0 10, 1 11 36 1 7, 3 5 14 1 4, 18 10 26 0 8, 16 1 36 0 10, 15 2 14 1 5, 4 5 17 0 6, 2 6 19 1 5, 19 12 15 0 4, 20 9 24 1 4, 5 6 33 0 8, 6 10 18 0 7, 7 9 17 1 4, 10 15 17 0 6, 9 11 15 1 5, 14 7 10 1 3
19 2 31 1 6, 20 6 18 1 5, 7 3 22 1 6, 10 12 5 1 1, 1 7 12 1 3, 8 5 9 1 3, 9 1 27 0 7, 21 10 28 0 5, 11 9 48 1 13, 12 1 27 1 10, 13 9 18 1 6, 18 13 26 1 6
18 7 15 0 4, 13 10 44 1 15, 17 10 34 1 11, 15 13 38 1 12, 20 3 45 0 14, 1 4 50 1 14, 14 14 31 0 7, 12 3 43 1 14, 16 14 28 1 7
16 4 42 0 11, 7 13 5 1 1, 17 15 20 1 6, 15 5 14 1 4, 10 14 10 0 3, 5 6 5 1 1, 1 14 23 1 5, 14 14 44 1 14, 13 2 44 1 15, 11 11 22 0 7, 2 7 21 0 6, 6 10 32 1 12, 20 8 21 0 4, 4 3 13 0 3, 12 6 41 1 15
9 13 36 1 7, 7 1 40 0 15, 1 6 30 0 7, 8 2 6 0 1, 4 5 21 1 7, 2 14 36 1 7, 6 10 27 1 10, 3 13 8 0 2, 5 6 29 1 6
1 11 29 1 9, 10 4 18 1 4, 11 7 39 1 14, 9 6 5 1 1, 2 15 44 0 14, 5 15 24 0 5, 8 3 18 1 5, 13 3 22 1 4, 17 12 38 0 8, 16 7 10 1 2, 3 5 5 0 1, 6 2 42 0 9, 18 13 19 0 5, 12 10 7 1 1, 4 12 41 1 10, 7 11 15 1 4
12 6 38 1 8, 14 4 18 1 5, 17 9 16 1 6, 1 11 41 1 8, 15 4 4 1 1, 13 10 16 1 5, 18 2 44 1 16, 16 14 13 1 2
1 9 43 1 14, 9 5 18 1 6, 2 1 10 1 2, 11 4 42 1 11, 3 4 8 1 2, 12 14 29 0 8, 5 4 9 1 3, 10 15 25 1 7, 13 10 7 1 2, 7 5 30 1 8, 8 3 8 1 1
9 2 18 1 5, 12 7 45 0 13, 13 5 10 0 3, 1 11 18 1 5, 11 13 7 1 1, 14 6 24 1 6, 7 9 47 1 18, 8 8 28 1 6, 15 1 42 1 15, 2 12 41 0 11, 6 5 43 1 13
1 11 41 1 13, 6 12 10 0 2, 20 8 20 1 7, 18 11 18 0 4, 8 5 16 0 4, 7 5 5 0 1, 21 14 14 0 3, 9 10 9 1 2, 10 11 11 0 3, 11 8 30 1 8, 15 4 6 1 2, 16 12 6 1 2, 17 13 19 1 5
12 8 17 1 4, 15 5 8 0 3, 18 2 15 1 3, 13 6 33 0 7, 1 11 44 0 10, 7 11 19 1 3, 19 6 7 1 1, 16 8 8 1 2, 20 11 9 1 2, 6 13 46 1 16, 2 10 13 1 4, 17 2 42 0 16, 22 11 17 0 6
2 8 13 1 2, 7 3 44 0 9, 13 9 26 1 5, 16 15 19 0 6, 3 2 21 0 4, 1 3 8 1 2, 12 15 36 0 8, 17 3 36 1 12, 9 15 13 1 2, 6 5 46 1 14, 10 11 27 0 6, 11 10 48 1 17
