7, 1, 2, 14, 4, 10, 8, 13, 4, 17, 1, 8, 4, 2, 16, 1, 4, 2, 7, 17, 13, 2, 17, 14, 11, 7, 17, 10, 4, 16, 11, 4, 4, 14, 7, 2, 8, 7, 16, 5, 10, 8, 4, 17, 17, 11, 14, 13, 14, 5, 7, 5, 10, 11, 2, 1, 17, 8, 13, 7, 10, 16, 17, 8, 17, 17, 11, 14, 2, 7, 16, 4, 5, 1, 4, 2, 16, 11, 1, 10, 2, 17, 8, 4, 14, 10, 8, 10, 2, 14, 4, 1, 13, 7, 5, 8, 17, 14, 11, 13, 16, 11, 7, 16, 13, 1, 17, 8, 5, 7, 4, 14, 2, 7, 10, 8, 13, 5, 11, 14
2 15 18 0 10, 4 12 43 1 25, 3 15 43 0 23, 1 14 10 0 4, 5 13 30 1 16, 6 12 25 0 10, 7 11 39 0 21, 8 8 47 1 24
7 6 25 1 12, 2 8 6 0 3, 5 11 43 0 19, 1 5 10 0 5, 3 4 40 0 16, 4 9 10 0 4, 6 5 38 0 15, 8 15 44 0 18, 12 8 26 0 10, 13 7 39 0 20, 14 10 37 0 18
1 2 18 0 7, 3 9 20 0 8, 13 2 22 0 9, 15 12 24 0 11, 2 8 38 1 19, 16 7 23 0 10, 4 5 8 0 4, 7 10 20 0 9, 8 6 45 0 25, 9 3 5 0 2, 10 9 33 0 18, 11 11 41 0 22, 12 15 29 0 12
15 5 24 0 10, 1 4 29 0 16, 17 7 30 0 14, 14 12 13 0 6, 16 13 14 0 7, 17 3 21 0 9, 18 7 34 0 19
7 3 22 1 11, 21 7 33 0 15, 9 1 27 0 14, 8 5 9 0 4, 10 12 5 1 2, 11 2 47 1 27, 1 7 12 0 6, 19 1 35 0 16, 12 1 27 1 13, 13 13 19 1 9, 20 5 22 0 9, 18 13 26 0 12
1 4 50 0 24, 2 8 23 0 13, 17 10 34 1 15, 20 3 45 1 19, 3 12 35 0 17, 18 7 15 0 8, 6 4 36 0 17, 7 3 35 1 20, 8 6 16 0 8, 9 9 24 0 11, 11 5 16 1 7
3 1 22 0 9, 4 13 20 1 11, 5 7 35 0 18, 1 4 33 0 15, 9 9 19 0 8, 6 9 12 0 5, 2 15 20 0 11, 10 12 45 0 23, 11 14 17 0 7
6 10 27 0 15, 9 9 39 0 23, 7 1 40 0 17, 1 1 38 0 15, 2 5 39 0 21, 8 9 10 0 4, 3 11 9 0 5, 4 5 21 1 10, 5 6 29 0 12
15 4 4 0 2, 16 14 13 0 6, 17 8 15 0 6, 1 10 44 0 18, 12 6 38 0 16, 14 6 13 0 6, 13 12 18 0 8, 18 2 44 0 24
2 1 10 1 4, 1 9 43 0 23, 12 14 29 0 15, 3 4 8 0 4, 9 12 10 1 5, 5 4 9 0 4, 10 15 25 1 10, 11 4 42 0 22, 13 10 7 0 2, 6 3 29 1 12, 8 3 8 1 3
3 6 39 0 17, 20 14 15 1 6, 1 1 43 0 24, 4 4 40 0 22, 21 14 14 0 6, 2 7 32 0 18, 18 5 27 0 14, 5 1 25 1 13
8 1 20 1 11, 11 1 24 0 12, 18 2 15 0 6, 13 6 33 1 16, 10 15 13 0 6, 15 8 7 0 3, 1 11 44 0 25, 12 8 17 0 7, 21 3 15 0 7, 17 2 42 0 18, 9 2 29 0 13, 16 1 5 0 2, 22 14 20 0 10
