6, 3, 3, 11, 3, 3, 9, 16, 3, 6, 3, 6, 9, 6, 10, 5, 10, 14, 6, 13, 6, 3, 3, 6, 13, 16, 9, 3, 6, 16, 9, 13, 13, 3, 9, 9, 14, 6, 14, 9, 11, 9, 6, 6, 16, 6, 10, 3, 10, 3, 13, 16, 10, 10, 16, 11, 9, 16, 16, 16, 14, 6, 5, 13, 3, 9, 14, 11, 9, 11, 11, 13, 9, 6, 14, 14, 14, 9, 5, 3, 3, 16, 5, 16, 9, 3, 3, 14, 11, 6, 16, 11, 16, 13, 10, 6, 11, 14, 3, 3, 5, 16, 5, 9, 5, 14, 10, 9
16 10 49 0 20, 7 1 50 0 29, 18 6 30 0 17, 17 10 20 0 10, 19 3 20 1 8, 13 14 33 0 15, 1 7 36 0 18, 14 4 12 0 5, 5 2 19 0 9, 10 3 39 0 18, 9 5 30 1 17, 6 13 5 0 2, 2 11 27 0 13, 4 3 20 0 9, 3 7 8 0 4, 8 1 6 1 3, 11 9 33 0 19, 15 1 10 0 5, 12 12 16 0 6
14 2 14 0 8, 17 3 21 0 9, 16 8 19 0 8, 15 5 24 0 10, 17 3 21 0 9, 1 3 35 1 16, 18 10 40 0 22
15 14 13 0 5, 1 4 33 0 13, 16 8 34 1 16, 6 3 20 1 11, 5 11 39 1 17, 20 9 24 0 13, 18 10 26 0 14, 2 6 19 0 10, 10 10 19 0 9, 9 11 15 1 8, 7 9 17 0 8, 14 10 14 0 7, 17 12 44 0 22, 19 12 15 1 8, 3 5 14 0 8, 4 5 17 0 6
18 2 10 0 5, 20 4 18 0 8, 13 2 44 0 20, 1 13 28 0 13, 16 2 45 0 20, 2 7 21 0 12, 19 2 9 1 4, 14 14 44 0 24, 15 5 14 0 7, 7 11 9 0 4, 4 3 13 0 6, 10 14 10 1 4, 6 6 29 0 13, 5 6 5 0 2, 11 15 20 0 8, 12 6 41 0 19
3 1 22 0 9, 1 4 33 0 15, 2 15 20 0 11, 7 12 32 0 15, 8 12 44 0 23, 9 9 19 0 8, 10 12 45 0 23, 11 14 17 0 7
1 6 30 0 13, 6 10 27 0 15, 2 14 36 0 20, 8 9 10 0 4, 3 3 11 0 5, 9 13 36 1 21, 7 1 40 0 17, 4 5 21 1 10, 5 4 31 0 13
1 11 41 1 22, 17 8 15 0 6, 12 6 38 0 16, 13 10 16 1 6, 14 4 18 0 8, 18 15 50 0 28, 15 4 4 0 2, 16 14 13 0 6
1 9 43 0 23, 2 1 10 1 4, 3 7 9 1 4, 9 12 10 1 5, 5 4 9 0 4, 7 9 29 0 15, 12 14 29 0 15, 10 15 25 1 10, 8 3 8 1 3, 11 4 42 0 22, 13 10 7 0 2
1 2 45 0 25, 18 5 27 0 14, 6 6 5 0 2, 19 11 20 0 10, 7 5 5 0 2, 20 14 15 1 6, 8 9 18 0 7, 9 1 12 0 5, 21 14 14 0 6, 10 11 11 0 6, 11 15 40 0 22, 15 4 6 0 2, 16 9 5 0 2, 17 13 19 0 10
