2, 1, 4, 8, 8, 12, 2, 4, 18, 15, 8, 15, 15, 12, 4, 12, 17, 12, 12, 7, 18, 2, 12, 15, 15, 17, 4, 1, 18, 7, 12, 7, 2, 12, 4, 7, 2, 8, 12, 17, 1, 7, 4, 4, 17, 12, 17, 4, 18, 7, 17, 8, 15, 18, 4, 18, 2, 17, 12, 8, 7, 8, 15, 2, 15, 7, 18, 18, 18, 8, 17, 12, 1, 7, 17, 4, 1, 2, 17, 4, 12, 2, 4, 2, 15, 1, 8, 2, 18, 18, 17, 15, 4, 17, 8, 7, 15, 15, 7, 12, 1, 18, 8, 12, 1, 7, 17, 12
3 15 43 0 23, 4 12 43 1 25, 6 12 25 0 10, 5 13 30 1 16, 1 14 10 0 4, 7 11 39 0 21, 2 15 18 0 10, 8 8 47 1 24
2 15 7 1 3, 8 10 41 1 22, 7 15 30 0 17, 5 1 33 0 16, 13 7 39 0 20, 3 4 40 0 16, 1 5 10 0 5, 12 4 25 0 14, 14 10 37 0 18, 4 9 10 0 4, 6 1 42 0 21
1 2 18 0 7, 15 12 24 0 11, 3 9 20 0 8, 16 7 23 0 10, 2 12 30 0 14, 4 5 8 0 4, 13 6 21 0 10, 7 1 23 0 11, 8 6 45 0 25, 9 3 5 0 2, 10 5 39 1 21, 11 11 41 0 22, 12 15 29 0 12
9 6 24 0 11, 20 11 23 0 13, 7 3 22 1 11, 21 10 28 0 12, 1 7 12 0 6, 8 5 9 0 4, 10 13 11 0 5, 19 2 31 1 12, 11 2 47 1 27, 12 8 30 0 15, 13 9 18 1 9, 18 13 26 0 12
7 1 38 0 15, 1 4 50 0 24, 2 15 21 0 8, 17 10 34 1 15, 3 12 35 0 17, 9 9 24 0 11, 18 7 15 0 8, 8 6 16 0 8, 6 4 36 0 17, 20 3 45 1 19, 11 1 15 0 7
11 7 39 0 15, 1 1 31 0 15, 6 13 45 0 21, 8 3 18 0 10, 13 2 26 0 14, 3 5 5 0 2, 9 6 5 0 2, 7 11 15 0 8, 2 8 46 0 24, 5 15 24 1 12, 16 7 10 0 4, 4 12 41 1 19, 12 10 7 0 3, 10 4 18 0 9, 17 12 38 0 22, 18 13 19 0 11
1 11 18 1 7, 7 9 47 0 24, 10 14 50 0 29, 4 7 8 0 4, 11 8 6 0 2, 5 2 12 0 5, 14 9 21 0 12, 15 12 47 0 24, 13 6 11 0 6, 12 7 45 0 24, 3 6 17 1 9, 6 5 43 0 25
12 8 17 0 7, 6 13 46 0 26, 16 1 5 0 2, 13 6 33 1 16, 18 2 15 0 6, 20 9 5 0 2, 1 11 44 0 25, 2 10 13 0 6, 15 8 7 0 3, 7 11 19 0 10, 17 2 42 0 18, 19 1 6 1 2, 22 11 17 1 9
4 5 16 0 7, 6 8 47 0 22, 12 5 31 1 15, 5 9 17 0 7, 16 4 18 0 9, 1 8 13 0 6, 7 3 44 0 25, 17 10 32 0 18, 10 11 27 0 11, 9 15 13 0 5, 13 9 26 0 13, 11 10 48 0 19
