3, 12, 15, 1, 3, 15, 1, 2, 6, 10, 2, 3, 3, 3, 12, 3, 3, 10, 1, 2, 6, 5, 15, 2, 11, 12, 3, 12, 15, 12, 5, 2, 3, 2, 6, 6, 12, 5, 1, 10, 11, 10, 12, 2, 6, 11, 3, 11, 2, 12, 12, 11, 12, 12, 15, 5, 6, 3, 3, 6, 6, 6, 15, 3, 1, 3, 15, 11, 1, 6, 5, 1, 5, 1, 6, 12, 10, 3, 15, 6, 6, 11, 6, 15, 11, 12, 3, 12, 2, 15, 5, 3, 3, 12, 2, 15, 10, 11, 2, 10, 2, 15, 12, 10, 6, 6, 3
1 9 13 0 5, 5 13 30 1 16, 4 12 43 1 25, 6 4 32 0 14, 2 15 18 0 10, 7 5 49 1 26, 3 15 43 0 23, 8 8 47 1 24
1 5 10 0 5, 2 8 6 0 3, 8 10 41 1 22, 9 2 10 0 4, 10 14 24 0 11, 4 7 20 1 11, 5 1 33 0 16, 11 6 38 0 18, 3 4 40 0 16, 7 6 25 1 12, 6 5 38 0 15, 14 10 37 0 18
1 7 36 0 18, 5 2 19 0 9, 3 14 12 1 5, 9 13 39 0 22, 18 6 30 0 17, 6 13 5 0 2, 2 11 27 0 13, 16 10 49 0 20, 17 10 20 0 10, 7 1 50 0 29, 8 1 6 1 3, 10 7 41 0 21, 11 9 33 0 19, 4 7 13 1 7, 13 14 33 0 15, 19 3 20 1 8, 14 4 12 0 5, 15 1 10 0 5, 12 12 16 0 6
1 4 29 0 16, 14 8 11 0 4, 15 5 24 0 10, 17 2 27 0 14, 17 14 29 0 16, 16 13 14 0 7, 18 7 34 0 19
2 6 19 0 10, 5 6 33 0 18, 15 13 16 1 9, 7 9 17 0 8, 1 3 38 0 15, 16 5 31 1 15, 17 12 44 0 22, 6 10 18 1 8, 18 10 26 0 14, 3 5 14 0 8, 9 4 19 0 9, 4 5 17 0 6, 14 7 10 0 5, 10 8 14 0 6, 19 12 15 1 8, 20 9 24 0 13
3 1 22 0 9, 7 12 32 0 15, 1 4 33 0 15, 8 12 44 0 23, 9 9 19 0 8, 10 12 45 0 23, 2 15 20 0 11, 11 14 17 0 7
1 6 30 0 13, 2 14 36 0 20, 3 5 13 1 7, 4 5 21 1 10, 7 1 40 0 17, 8 9 10 0 4, 9 13 36 1 21, 6 10 27 0 15, 5 6 29 0 12
5 15 24 1 12, 2 8 46 0 24, 13 3 22 0 12, 14 1 5 0 2, 8 3 18 0 10, 15 9 39 0 21, 9 6 5 0 2, 6 2 42 1 20, 11 7 39 0 15, 10 4 18 0 9, 18 13 19 0 11, 3 5 5 0 2, 4 12 41 1 19, 1 11 29 0 13, 12 6 13 0 7, 7 11 15 0 8
1 1 20 1 10, 7 9 47 0 24, 12 7 45 0 24, 3 6 17 1 9, 14 9 21 0 12, 4 7 8 0 4, 10 14 50 0 29, 13 5 10 1 4, 11 8 6 0 2, 5 2 12 0 5, 15 1 42 0 24, 6 5 43 0 25
