1, 8, 2, 4, 12, 12, 1, 15, 7, 8, 7, 14, 15, 18, 12, 12, 2, 7, 4, 4, 18, 4, 8, 7, 6, 17, 15, 15, 6, 10, 15, 14, 12, 6, 18, 10, 12, 7, 2, 15, 1, 17, 1, 6, 15, 2, 17, 6, 17, 2, 14, 14, 18, 2, 4, 12, 12, 8, 18, 8, 6, 7, 18, 18, 2, 6, 1, 18, 4, 7, 14, 18, 4, 6, 12, 14, 8, 6, 15, 4, 6, 8, 17, 6, 7, 17, 7, 6, 10, 15, 18, 2, 6, 4, 4, 2, 12, 12, 10, 7, 8, 18, 10, 1, 6, 15, 17, 7, 2, 15, 17, 17, 1, 12, 8, 17, 14, 4, 10, 17, 12, 14, 7, 14, 1, 12, 10, 12, 14, 8, 4, 10, 4, 15, 8, 10, 2, 6, 7, 18, 8, 14, 12, 17, 6
7 11 39 0 21, 5 13 30 1 16, 4 12 43 1 25, 1 9 13 0 5, 2 15 18 0 10, 3 15 43 0 23, 6 12 25 0 10, 8 8 47 1 24
4 9 10 0 4, 8 10 41 1 22, 1 5 10 0 5, 5 1 33 0 16, 7 11 33 0 18, 3 4 40 0 16, 12 4 25 0 14, 2 15 7 1 3, 13 7 39 0 20, 14 10 37 0 18, 6 5 38 0 15
3 9 20 0 8, 1 2 18 0 7, 13 6 21 0 10, 8 6 45 0 25, 9 3 5 0 2, 7 10 20 0 9, 14 10 18 0 9, 2 8 38 1 19, 10 9 33 0 18, 4 5 8 0 4, 11 7 36 0 21, 12 14 31 1 17, 16 7 23 0 10
6 10 18 1 8, 15 14 13 0 5, 1 4 33 0 13, 5 6 33 0 18, 9 11 15 1 8, 7 9 17 0 8, 16 5 31 1 15, 10 8 14 0 6, 4 5 17 0 6, 14 7 10 0 5, 3 5 14 0 8, 2 6 19 0 10, 17 12 44 0 22, 18 10 26 0 14, 19 12 15 1 8, 20 9 24 0 13
7 3 22 1 11, 10 12 5 1 2, 20 6 18 0 7, 19 2 31 1 12, 21 10 28 0 12, 1 7 12 0 6, 9 1 27 0 14, 11 2 47 1 27, 14 11 20 0 11, 17 5 26 1 12, 8 5 9 0 4, 15 13 14 0 7, 18 13 26 0 12
1 4 50 0 24, 3 12 35 0 17, 2 15 21 0 8, 5 2 18 1 7, 4 4 11 0 6, 17 10 34 1 15, 20 3 45 1 19, 7 3 35 1 20, 8 6 16 0 8, 9 9 24 0 11, 18 7 15 0 8, 11 1 15 0 7
5 7 35 0 18, 1 4 33 0 15, 3 13 24 0 12, 9 9 19 0 8, 4 13 20 1 11, 2 15 20 0 11, 6 5 10 0 4, 10 12 45 0 23, 11 14 17 0 7
5 15 24 1 12, 11 7 39 0 15, 13 3 22 0 12, 3 5 5 0 2, 14 1 5 0 2, 2 8 46 0 24, 4 12 41 1 19, 8 3 18 0 10, 9 6 5 0 2, 7 11 15 0 8, 6 2 42 1 20, 15 9 39 0 21, 1 11 29 0 13, 18 13 19 0 11, 10 4 18 0 9, 12 10 7 0 3
9 12 10 1 5, 10 15 25 1 10, 12 14 29 0 15, 5 4 9 0 4, 1 9 43 0 23, 6 4 27 0 15, 11 4 42 0 22, 8 2 9 0 5, 2 1 10 1 4, 3 7 9 1 4, 13 6 9 1 3
3 6 17 1 9, 7 9 47 0 24, 4 7 8 0 4, 13 1 9 1 4, 14 3 22 0 10, 10 14 50 0 29, 12 7 45 0 24, 15 12 47 0 24, 1 11 18 1 7, 11 13 7 0 3, 5 2 12 0 5, 6 4 48 0 22
18 2 15 0 6, 1 11 44 0 25, 21 3 15 0 7, 6 13 46 0 26, 2 5 16 0 8, 12 8 17 0 7, 13 6 33 1 16, 22 11 17 1 9, 16 1 5 0 2, 15 8 7 0 3, 7 11 19 0 10, 17 2 42 0 18
12 13 32 0 13, 6 5 46 0 24, 1 3 8 0 3, 8 6 14 0 7, 4 1 13 0 7, 10 15 30 0 14, 13 9 26 0 13, 5 9 17 0 7, 11 13 50 1 20, 16 15 19 0 9, 7 3 44 0 25, 17 10 32 0 18
