9, 9, 16, 3, 6, 10, 4, 2, 3, 9, 12, 16, 2, 12, 6, 8, 9, 18, 4, 3, 11, 14, 8, 11, 17, 14, 3, 18, 18, 6, 12, 9, 6, 17, 8, 3, 2, 16, 11, 12, 3, 3, 18, 9, 11, 12, 13, 4, 5, 3, 6, 4, 5, 9, 4, 16, 6, 18, 11, 3, 13, 3, 9, 17, 14, 16, 10, 2, 14, 2, 6, 10, 17, 17, 8, 12, 11, 12, 12, 2, 18, 18, 18, 6, 4, 12, 12, 17, 4, 4, 14, 17, 3, 13, 14, 2, 6, 18, 3, 16, 4, 8, 10, 12, 17, 13, 13, 6, 6, 18, 17, 9, 2, 3, 10, 3, 9, 9, 6, 12, 10, 3, 3, 16, 2, 9, 4, 16, 17, 14, 5, 9, 8, 10, 3, 12, 8, 8, 16, 8, 12, 5, 17, 4, 5, 9, 8, 13, 18, 11, 11, 16, 2, 10, 13, 17, 5, 18, 6, 4, 16, 3, 8, 14, 2, 4, 13, 6, 6, 16, 14, 5, 17, 14, 11, 3, 6, 12, 12, 14, 16, 9
5 1 33 0 16, 8 10 41 1 22, 13 7 39 0 20, 6 1 42 0 21, 7 11 33 0 18, 2 15 7 1 3, 1 14 13 0 7, 3 4 40 0 16, 4 9 10 0 4, 12 12 30 0 15, 14 10 37 0 18
7 5 39 1 21, 13 14 33 0 15, 9 13 39 0 22, 10 3 39 0 18, 17 13 39 0 19, 16 10 49 0 20, 18 7 29 1 13, 11 9 33 0 19, 8 12 9 0 4, 6 7 8 1 3, 19 3 20 1 8, 1 7 36 0 18, 2 11 27 0 13, 14 2 11 1 6, 3 7 8 0 4, 4 7 13 1 7, 15 1 10 0 5, 5 2 19 0 9, 12 12 16 0 6
15 12 24 0 11, 2 12 30 0 14, 16 9 25 0 10, 13 6 21 0 10, 3 9 20 0 8, 1 2 18 0 7, 7 10 20 0 9, 4 5 8 0 4, 11 7 36 0 21, 8 6 45 0 25, 10 9 33 0 18, 9 3 5 0 2, 12 15 29 0 12
1 4 29 0 16, 15 5 24 0 10, 14 12 13 0 6, 17 3 21 0 9, 16 13 14 0 7, 17 3 21 0 9, 18 7 34 0 19
5 6 33 0 18, 16 5 31 1 15, 17 12 44 0 22, 6 10 18 1 8, 1 4 33 0 13, 7 9 17 0 8, 18 9 30 0 12, 10 8 14 0 6, 19 12 15 1 8, 2 6 19 0 10, 4 5 17 0 6, 9 11 15 1 8, 15 2 14 0 6, 3 5 14 0 8, 20 9 24 0 13, 14 7 10 0 5
6 13 33 1 17, 1 4 50 0 24, 7 1 38 0 15, 3 12 35 0 17, 9 9 24 0 11, 2 15 21 0 8, 20 3 45 1 19, 8 6 16 0 8, 17 2 39 0 22, 19 11 16 0 6, 11 5 16 1 7
18 2 10 0 5, 16 4 42 0 22, 19 2 9 1 4, 13 2 44 0 20, 14 15 42 0 25, 3 13 20 0 10, 6 6 29 0 13, 7 13 5 0 2, 10 14 10 1 4, 15 6 20 1 9, 11 15 20 0 8, 1 12 21 0 11, 2 7 21 0 12, 20 4 18 0 8, 12 6 41 0 19
8 12 44 0 23, 10 12 45 0 23, 7 8 39 1 19, 3 1 22 0 9, 1 4 33 0 15, 11 14 17 0 7, 9 9 19 0 8, 2 15 20 0 11
6 10 27 0 15, 8 7 8 1 4, 7 1 40 0 17, 2 15 44 1 24, 9 13 36 1 21, 1 6 30 0 13, 3 5 13 1 7, 4 5 21 1 10, 5 3 33 0 17
2 8 46 0 24, 5 15 24 1 12, 11 7 39 0 15, 12 10 7 0 3, 6 13 45 0 21, 9 6 5 0 2, 10 4 18 0 9, 8 3 18 0 10, 13 3 22 0 12, 18 13 19 0 11, 3 11 11 1 5, 15 9 39 0 21, 14 8 8 0 4, 4 12 41 1 19, 1 11 29 0 13, 7 11 15 0 8
1 11 41 1 22, 17 9 16 0 8, 12 13 41 0 23, 18 2 44 0 24, 13 10 16 1 6, 15 4 4 0 2, 14 6 13 0 6, 16 14 13 0 6
1 9 43 0 23, 11 4 42 0 22, 2 2 17 0 8, 13 10 7 0 2, 9 15 19 0 10, 12 14 29 0 15, 10 15 25 1 10, 3 4 8 0 4, 5 4 9 0 4, 7 9 29 0 15, 8 2 9 0 5
7 14 10 0 4, 20 14 15 1 6, 1 11 41 1 16, 18 11 18 1 10, 21 2 27 0 12, 8 5 16 1 6, 10 11 11 0 6, 6 6 5 0 2, 9 10 9 0 4, 11 8 30 0 14, 15 4 6 0 2, 16 9 5 0 2, 17 1 21 0 12
1 10 46 0 22, 19 1 6 1 2, 13 6 33 1 16, 18 10 18 0 9, 20 11 9 0 3, 16 1 5 0 2, 2 10 13 0 6, 7 11 19 0 10, 17 2 42 0 18, 15 5 8 1 4, 6 13 46 0 26, 22 11 17 1 9, 12 8 17 0 7
7 7 48 0 24, 1 8 13 0 6, 13 9 26 0 13, 5 9 17 0 7, 8 5 17 0 7, 12 5 31 1 15, 16 4 18 0 9, 10 11 27 0 11, 11 10 48 0 19, 4 5 16 0 7, 6 8 47 0 22, 17 10 32 0 18
