2, 3, 5, 1, 8, 6, 6, 12, 14, 4, 3, 17, 3, 12, 9, 15, 2, 7, 3, 6, 5, 14, 14, 3, 15, 18, 1, 18, 11, 9, 8, 2, 7, 15, 18, 12, 10, 12, 8, 16, 10, 4, 12, 13, 9, 15, 17, 9, 3, 15, 7, 18, 11, 17, 6, 11, 5, 6, 4, 14, 7, 18, 17, 9, 6, 6, 7, 12, 1, 3, 3, 5, 6, 16, 2, 11, 5, 9, 6, 7, 3, 12, 12, 7, 18, 4, 3, 4, 2, 8, 17, 1, 10, 12, 8, 4, 18, 17, 11, 3, 12, 13, 18, 16, 12, 8, 9, 14, 3, 13, 15, 5, 3, 4, 12, 14, 10, 16, 10, 9, 9, 17, 9, 15, 9, 2, 2, 18, 14, 6, 1, 3, 2, 14, 7, 7, 4, 11, 16, 2, 4, 2, 15, 18, 15, 17, 6, 3, 15, 8, 16, 1, 14, 15, 17, 16, 1, 17, 10, 9, 3, 12, 17, 6, 7, 6, 7, 10, 1, 13, 11, 16, 6, 8, 3, 4, 13, 6, 14, 17, 12, 4, 12, 2, 17, 13, 12, 4, 18, 11, 16, 15, 9, 8, 5, 18, 6, 11, 13, 16, 7, 4, 13, 16, 7, 9, 14, 3, 17, 3, 10
2 15 18 0 10, 3 15 43 0 23, 7 11 39 0 21, 5 13 30 1 16, 6 12 25 0 10, 4 12 43 1 25, 1 14 10 0 4, 8 8 47 1 24
4 9 10 0 4, 8 10 41 1 22, 13 7 39 0 20, 12 12 30 0 15, 3 4 40 0 16, 7 6 25 1 12, 5 11 43 0 19, 2 8 6 0 3, 1 5 10 0 5, 6 5 38 0 15, 14 10 37 0 18
7 5 39 1 21, 12 12 16 0 6, 8 1 6 1 3, 9 3 44 1 20, 16 10 49 0 20, 13 15 35 0 17, 18 7 29 1 13, 1 4 29 1 16, 14 2 11 1 6, 2 11 27 0 13, 10 3 39 0 18, 15 1 10 0 5, 19 3 20 1 8, 11 2 29 1 13, 6 7 8 1 3, 3 7 8 0 4, 5 2 19 0 9, 17 10 20 0 10, 4 7 13 1 7
2 8 38 1 19, 9 3 5 0 2, 15 12 24 0 11, 13 1 28 0 13, 16 7 23 0 10, 8 6 45 0 25, 3 9 20 0 8, 4 5 8 0 4, 10 9 33 0 18, 7 10 20 0 9, 1 2 18 0 7, 11 7 36 0 21, 12 15 29 0 12
17 3 21 0 9, 15 13 26 0 12, 1 4 29 0 16, 17 2 27 0 14, 14 8 11 0 4, 16 8 19 0 8, 18 7 34 0 19
5 6 33 0 18, 1 3 38 0 15, 9 11 15 1 8, 15 2 14 0 6, 18 9 30 0 12, 4 5 17 0 6, 16 5 31 1 15, 6 2 24 0 12, 14 7 10 0 5, 2 6 19 0 10, 19 12 15 1 8, 3 5 14 0 8, 7 9 17 0 8, 10 15 17 1 8, 17 12 44 0 22, 20 9 24 0 13
21 7 33 0 15, 8 5 9 0 4, 1 7 12 0 6, 19 2 31 1 12, 20 5 22 0 9, 11 2 47 1 27, 7 3 22 1 11, 10 12 5 1 2, 9 6 24 0 11, 17 7 20 0 10, 14 11 20 0 11, 16 14 10 0 4, 18 13 26 0 12
1 4 50 0 24, 18 5 18 0 7, 12 3 43 0 18, 17 10 34 1 15, 13 10 44 1 26, 14 14 31 1 18, 15 10 36 0 21, 20 3 45 1 19, 16 14 28 1 14
11 15 20 0 8, 1 12 21 0 11, 13 2 44 0 20, 10 14 10 1 4, 15 5 14 0 7, 16 13 46 0 22, 17 15 20 0 8, 14 15 42 0 25, 6 6 29 0 13, 7 13 5 0 2, 2 7 21 0 12, 3 10 25 0 12, 20 8 21 0 12, 12 6 41 0 19
3 1 22 0 9, 2 6 27 0 11, 1 1 34 0 15, 10 12 45 0 23, 8 12 44 0 23, 7 12 32 0 15, 9 9 19 0 8, 11 14 17 0 7
6 2 28 0 13, 8 2 6 0 3, 7 1 40 0 17, 1 6 30 0 13, 4 5 21 1 10, 2 14 36 0 20, 3 13 8 0 3, 9 13 36 1 21, 5 6 29 0 12
6 13 45 0 21, 18 13 19 0 11, 8 3 18 0 10, 10 4 18 0 9, 7 11 15 0 8, 4 12 41 1 19, 13 3 22 0 12, 11 7 39 0 15, 9 6 5 0 2, 14 1 5 0 2, 15 9 39 0 21, 2 15 44 1 20, 1 11 29 0 13, 5 15 24 1 12, 3 5 5 0 2, 12 10 7 0 3
1 10 44 0 18, 17 11 19 0 9, 12 13 41 0 23, 18 2 44 0 24, 13 9 21 0 9, 14 6 13 0 6, 15 4 4 0 2, 16 14 13 0 6
2 12 13 0 7, 8 3 8 1 3, 9 15 19 0 10, 12 10 31 0 15, 7 5 30 1 13, 3 4 8 0 4, 11 4 42 0 22, 5 4 9 0 4, 1 9 43 0 23, 10 15 25 1 10, 13 10 7 0 2
7 9 47 0 24, 10 14 50 0 29, 14 9 21 0 12, 15 1 42 0 24, 11 8 6 0 2, 12 7 45 0 24, 3 6 17 1 9, 1 11 18 1 7, 5 2 12 0 5, 13 1 9 1 4, 4 7 8 0 4, 6 5 43 0 25
12 14 24 0 10, 21 14 14 0 6, 20 14 15 1 6, 1 11 41 1 16, 18 11 18 1 10, 6 12 10 0 4, 13 4 44 0 22, 14 1 17 0 10, 15 4 6 0 2, 16 9 5 0 2, 17 3 20 1 10
13 6 33 1 16, 8 9 17 0 9, 15 5 8 1 4, 12 8 17 0 7, 18 2 15 0 6, 9 2 29 0 13, 1 11 44 0 25, 10 15 13 0 6, 20 11 9 0 3, 22 11 17 1 9, 19 1 6 1 2, 16 8 8 0 3, 11 1 24 0 12, 17 2 42 0 18
10 11 27 0 11, 17 10 32 0 18, 5 9 17 0 7, 12 15 36 0 20, 1 3 8 0 3, 13 9 26 0 13, 7 3 44 0 25, 16 4 18 0 9, 8 5 17 0 7, 4 1 13 0 7, 11 13 50 1 20, 6 5 46 0 24
