9, 3, 3, 13, 9, 3, 6, 13, 2, 9, 3, 18, 6, 18, 7, 9, 6, 7, 10, 7, 3, 18, 18, 14, 9, 16, 3, 7, 9, 6, 16, 16, 16, 3, 14, 11, 7, 6, 10, 14, 3, 6, 5, 7, 2, 6, 6, 10, 10, 11, 9, 3, 3, 11, 18, 18, 11, 5, 9, 3, 18, 16, 9, 7, 7, 13, 11, 14, 7, 13, 2, 2, 2, 11, 3, 16, 9, 2, 3, 3, 7, 5, 14, 11, 13, 18, 10, 18, 16, 7, 18, 2, 6, 14, 13, 3, 3, 14, 6, 9, 14, 6, 6, 3, 2, 6, 9, 6, 14, 2, 11, 16, 16, 5, 16, 5, 13, 9, 10, 16, 2, 5, 14, 5, 16, 10, 9, 10, 11, 6, 7, 2, 16, 13, 6, 3, 18, 7, 9, 18, 3, 14
8 15 44 0 18, 2 8 6 0 3, 13 7 39 0 20, 5 11 43 0 19, 7 6 25 1 12, 3 4 40 0 16, 12 4 25 0 14, 14 12 40 0 21, 1 5 10 0 5, 4 9 10 0 4, 6 5 38 0 15
1 7 36 0 18, 10 3 39 0 18, 7 1 50 0 29, 5 2 19 0 9, 17 10 20 0 10, 18 6 30 0 17, 6 13 5 0 2, 16 10 49 0 20, 13 14 33 0 15, 2 11 27 0 13, 4 7 13 1 7, 8 1 6 1 3, 15 1 10 0 5, 9 5 30 1 17, 19 3 20 1 8, 11 2 29 1 13, 14 4 12 0 5, 3 7 8 0 4, 12 4 20 0 11
17 4 28 1 14, 14 10 17 0 7, 1 4 29 0 16, 15 5 24 0 10, 16 13 14 0 7, 17 3 21 0 9, 18 7 34 0 19
20 9 24 0 13, 17 12 44 0 22, 19 12 15 1 8, 1 11 36 0 14, 16 4 33 1 16, 2 6 19 0 10, 18 9 30 0 12, 7 9 17 0 8, 3 5 14 0 8, 4 5 17 0 6, 8 8 38 0 15, 9 11 15 1 8, 5 6 33 0 18, 6 10 18 1 8, 15 14 13 0 5, 14 10 14 0 7
7 3 22 1 11, 20 6 18 0 7, 8 5 9 0 4, 9 6 24 0 11, 1 7 12 0 6, 10 12 5 1 2, 19 2 31 1 12, 21 10 28 0 12, 11 9 48 0 23, 14 11 20 0 11, 16 14 10 0 4, 17 7 20 0 10, 18 13 26 0 12
13 2 44 0 20, 2 7 21 0 12, 3 13 20 0 10, 11 10 27 1 12, 16 13 46 0 22, 15 5 14 0 7, 18 2 10 0 5, 6 6 29 0 13, 14 15 42 0 25, 19 13 10 1 4, 7 15 6 0 2, 20 4 18 0 8, 1 14 23 0 12, 10 14 10 1 4, 12 6 41 0 19
1 4 33 0 15, 2 15 20 0 11, 3 1 22 0 9, 7 12 32 0 15, 8 12 44 0 23, 9 6 21 0 12, 10 12 45 0 23, 11 14 17 0 7
6 10 27 0 15, 2 8 40 0 21, 4 5 21 1 10, 8 2 6 0 3, 9 13 36 1 21, 5 3 33 0 17, 1 6 30 0 13, 3 5 13 1 7, 7 1 40 0 17
18 15 50 0 28, 1 11 41 1 22, 13 1 22 0 12, 15 4 4 0 2, 12 6 38 0 16, 14 14 19 0 10, 17 9 16 0 8, 16 14 13 0 6
1 9 43 0 23, 9 12 10 1 5, 10 15 25 1 10, 2 12 13 0 7, 12 14 29 0 15, 3 4 8 0 4, 5 4 9 0 4, 11 4 42 0 22, 13 10 7 0 2, 7 9 29 0 15, 8 2 9 0 5
1 2 45 0 25, 6 6 5 0 2, 20 7 19 0 8, 18 11 18 1 10, 7 3 7 0 3, 8 7 19 0 8, 21 14 14 0 6, 9 10 9 0 4, 10 12 16 0 7, 11 8 30 0 14, 15 5 9 0 4, 16 9 5 0 2, 17 13 19 0 10
12 5 31 1 15, 8 13 10 1 5, 1 3 8 0 3, 17 14 35 1 15, 13 9 26 0 13, 4 1 13 0 7, 5 9 17 0 7, 10 11 27 0 11, 7 3 44 0 25, 11 13 50 1 20, 16 4 18 0 9, 6 5 46 0 24
