3, 15, 18, 3, 12, 6, 2, 18, 14, 15, 2, 9, 17, 8, 12, 9, 3, 6, 3, 9, 3, 8, 17, 11, 6, 11, 6, 6, 2, 14, 6, 14, 9, 15, 18, 3, 18, 9, 17, 6, 12, 12, 12, 9, 11, 18, 3, 2, 9, 15, 17, 6, 9, 8, 9, 2, 17, 18, 12, 8, 9, 12, 9, 12, 2, 18, 17, 2, 3, 17, 15, 6, 2, 12, 3, 6, 15, 8, 15, 18, 14, 5, 3, 3, 2, 2, 15, 11, 5, 17, 5, 3, 6, 15, 14, 12, 3, 15, 15, 6, 14, 12, 11, 11, 8, 2, 3, 5, 18, 8, 9, 12, 12, 17, 6, 9, 17, 11, 9, 17, 3, 11, 12, 8, 14, 15, 12, 18, 14, 6, 18, 3, 2, 14, 8, 8, 3, 6, 17, 5, 3, 5, 11, 5, 9, 14, 17, 18, 3, 8, 12, 6
1 5 10 0 5, 10 14 24 0 11, 8 10 41 1 22, 4 6 14 0 6, 5 1 33 0 16, 7 6 25 1 12, 2 8 6 0 3, 9 2 10 0 4, 3 4 40 0 16, 11 6 38 0 18, 6 5 38 0 15, 14 10 37 0 18
16 10 49 0 20, 7 1 50 0 29, 10 3 39 0 18, 9 5 30 1 17, 1 11 34 0 18, 13 14 33 0 15, 18 7 29 1 13, 2 11 27 0 13, 14 2 11 1 6, 17 10 20 0 10, 5 2 19 0 9, 6 10 12 0 5, 3 7 8 0 4, 11 9 33 0 19, 4 7 13 1 7, 19 8 29 0 13, 8 1 6 1 3, 15 1 10 0 5, 12 12 16 0 6
15 5 24 0 10, 1 4 29 0 16, 17 3 21 0 9, 14 2 14 0 8, 16 13 14 0 7, 17 2 27 0 14, 18 14 35 0 19
17 12 44 0 22, 3 5 14 0 8, 2 6 19 0 10, 1 4 33 0 13, 4 8 20 0 8, 5 6 33 0 18, 15 14 13 0 5, 16 8 34 1 16, 18 13 29 0 13, 10 10 19 0 9, 6 3 20 1 11, 19 12 15 1 8, 9 11 15 1 8, 7 3 21 0 8, 20 11 25 0 10, 14 10 14 0 7
1 4 50 0 24, 2 15 21 0 8, 17 10 34 1 15, 20 3 45 1 19, 3 12 35 0 17, 7 1 38 0 15, 9 9 24 0 11, 6 13 33 1 17, 19 11 16 0 6, 8 15 17 1 9, 11 1 15 0 7
16 4 42 0 22, 13 2 44 0 20, 15 9 21 1 10, 3 13 20 0 10, 14 15 42 0 25, 6 6 29 0 13, 2 7 21 0 12, 20 4 18 0 8, 7 13 5 0 2, 18 2 10 0 5, 11 10 27 1 12, 10 14 10 1 4, 1 12 21 0 11, 19 2 9 1 4, 12 6 41 0 19
3 13 8 0 3, 7 14 42 0 18, 2 14 36 0 20, 6 2 28 0 13, 4 5 21 1 10, 8 9 10 0 4, 5 3 33 0 17, 1 6 30 0 13, 9 9 39 0 23
13 3 22 0 12, 1 11 29 0 13, 4 12 41 1 19, 6 13 45 0 21, 8 3 18 0 10, 5 15 24 1 12, 2 15 44 1 20, 16 7 10 0 4, 17 12 38 0 22, 10 4 18 0 9, 7 11 15 0 8, 18 13 19 0 11, 9 6 5 0 2, 3 11 11 1 5, 11 7 39 0 15, 12 10 7 0 3
4 6 25 0 12, 12 14 29 0 15, 11 4 42 0 22, 7 5 30 1 13, 1 9 43 0 23, 5 4 9 0 4, 8 3 8 1 3, 10 15 25 1 10, 9 12 10 1 5, 13 10 7 0 2
3 6 17 1 9, 12 5 48 0 26, 7 9 47 0 24, 4 7 8 0 4, 5 2 12 0 5, 13 6 11 0 6, 1 11 18 1 7, 11 8 6 0 2, 10 14 50 0 29, 14 3 22 0 10, 15 12 47 0 24, 6 5 43 0 25
1 11 44 0 25, 8 9 17 0 9, 20 9 5 0 2, 18 10 18 0 9, 19 6 7 0 3, 9 12 30 0 13, 13 6 33 1 16, 11 1 24 0 12, 22 11 17 1 9, 14 3 12 0 5, 12 8 17 0 7, 10 15 13 0 6, 17 2 42 0 18
5 9 17 0 7, 7 3 44 0 25, 1 8 13 0 6, 13 6 28 0 15, 10 15 30 0 14, 8 13 10 1 5, 11 10 48 0 19, 6 5 46 0 24, 12 5 31 1 15, 4 5 16 0 7, 16 4 18 0 9, 17 10 32 0 18
