2, 3, 18, 3, 9, 3, 3, 15, 2, 17, 3, 6, 2, 3, 12, 18, 9, 6, 6, 6, 6, 12, 3, 12, 15, 9, 6, 12, 12, 3, 3, 3, 3, 17, 17, 9, 17, 15, 18, 18, 2, 9, 12, 15, 15, 3, 12, 6, 15, 3, 6, 6, 15, 11, 17, 12, 6, 12, 12, 6, 18, 18, 9, 15, 11, 2, 17, 15, 2, 9, 12, 6, 3, 2, 12, 18, 17, 18, 12, 3, 11, 9, 11, 3, 11, 2, 17, 15, 11, 9, 18, 18, 9, 12, 15, 6, 9, 17, 3, 2, 18, 6, 12, 2, 3, 17, 11, 17, 11, 6, 12, 2, 9, 3, 9, 15, 6, 17, 11, 18, 9
1 8 16 0 7, 7 6 25 1 12, 2 8 6 0 3, 8 15 44 0 18, 12 8 26 0 10, 3 4 40 0 16, 4 12 13 1 7, 13 7 39 0 20, 6 5 38 0 15, 5 1 33 0 16, 14 12 40 0 21
16 10 49 0 20, 1 7 36 0 18, 5 7 37 0 18, 6 13 5 0 2, 17 10 20 0 10, 2 11 27 0 13, 8 1 6 1 3, 4 7 13 1 7, 3 7 8 0 4, 18 13 33 0 13, 9 13 39 0 22, 7 1 50 0 29, 15 1 10 0 5, 13 14 33 0 15, 19 3 20 1 8, 10 3 39 0 18, 11 9 33 0 19, 14 6 14 0 5, 12 12 16 0 6
15 14 13 0 5, 1 3 38 0 15, 17 12 44 0 22, 16 1 36 0 17, 3 5 14 0 8, 7 9 17 0 8, 18 13 29 0 13, 6 10 18 1 8, 5 6 33 0 18, 2 6 19 0 10, 19 12 15 1 8, 20 9 24 0 13, 8 8 38 0 15, 9 4 19 0 9, 14 7 10 0 5, 4 8 20 0 8
2 7 21 0 12, 3 13 20 0 10, 13 2 44 0 20, 6 2 33 0 14, 11 3 28 1 13, 1 12 21 0 11, 20 4 18 0 8, 10 14 10 1 4, 16 4 42 0 22, 12 6 41 0 19, 14 15 42 0 25, 7 13 5 0 2, 17 15 20 0 8, 15 5 14 0 7
8 2 6 0 3, 2 14 36 0 20, 9 13 36 1 21, 1 6 30 0 13, 3 13 8 0 3, 6 10 27 0 15, 4 5 21 1 10, 7 1 40 0 17, 5 4 31 0 13
1 1 31 0 15, 13 3 22 0 12, 2 8 46 0 24, 8 3 18 0 10, 6 2 42 1 20, 9 6 5 0 2, 10 4 18 0 9, 14 1 5 0 2, 5 15 24 1 12, 11 7 39 0 15, 12 10 7 0 3, 3 5 5 0 2, 4 12 41 1 19, 7 11 15 0 8, 15 9 39 0 21, 18 5 21 0 10
13 1 9 1 4, 14 9 21 0 12, 4 7 8 0 4, 15 1 42 0 24, 12 7 45 0 24, 1 11 18 1 7, 7 9 47 0 24, 5 2 12 0 5, 3 6 17 1 9, 10 14 50 0 29, 11 8 6 0 2, 6 5 43 0 25
2 5 16 0 8, 15 8 7 0 3, 21 12 18 0 8, 18 2 15 0 6, 13 6 33 1 16, 1 11 44 0 25, 16 1 5 0 2, 17 2 42 0 18, 6 13 46 0 26, 22 11 17 1 9, 7 11 19 0 10, 12 8 17 0 7
8 6 14 0 7, 6 5 46 0 24, 13 9 26 0 13, 12 5 31 1 15, 10 11 27 0 11, 7 3 44 0 25, 4 1 13 0 7, 5 9 17 0 7, 16 4 18 0 9, 11 10 48 0 19, 1 3 8 0 3, 17 3 36 1 18
