9, 14, 9, 17, 9, 8, 18, 8, 8, 4, 18, 7, 17, 16, 7, 16, 13, 7, 18, 4, 17, 17, 8, 14, 9, 9, 4, 4, 7, 16, 14, 16, 4, 7, 13, 4, 14, 17, 16, 9, 4, 8, 18, 7, 18, 8, 17, 18, 14, 4, 9, 18, 9, 13, 13, 16, 7, 18, 17, 9, 13, 8, 16, 17, 14, 17, 9, 18, 8, 4, 7, 4, 4, 7, 14, 8, 9, 17, 8, 18, 14, 16, 9, 17, 7, 9, 9, 13, 13, 14, 4, 14, 17, 16, 18, 16, 4, 18, 7, 14, 7, 13, 17, 18, 16, 7, 8, 17, 8
1 2 18 0 7, 15 12 24 0 11, 2 12 30 0 14, 13 6 21 0 10, 3 9 20 0 8, 16 7 23 0 10, 4 11 9 0 4, 7 10 20 0 9, 8 6 45 0 25, 9 3 5 0 2, 10 9 33 0 18, 11 11 41 0 22, 12 15 29 0 12
7 3 22 1 11, 19 2 31 1 12, 8 5 9 0 4, 21 10 28 0 12, 20 6 18 0 7, 10 6 8 0 3, 9 6 24 0 11, 11 9 48 0 23, 1 7 12 0 6, 14 11 20 0 11, 15 7 13 0 6, 17 7 20 0 10, 18 13 26 0 12
17 10 34 1 15, 1 4 50 0 24, 2 15 21 0 8, 3 12 35 0 17, 5 2 18 1 7, 4 4 11 0 6, 7 1 38 0 15, 19 11 16 0 6, 8 6 16 0 8, 20 12 48 1 26, 9 9 24 0 11, 11 1 15 0 7
16 13 46 0 22, 2 7 21 0 12, 17 15 20 0 8, 13 2 44 0 20, 11 15 20 0 8, 10 14 10 1 4, 7 13 5 0 2, 3 13 20 0 10, 1 14 23 0 12, 20 4 18 0 8, 14 15 42 0 25, 15 5 14 0 7, 6 1 37 0 21, 12 6 41 0 19
12 6 38 0 16, 1 11 41 1 22, 15 3 6 0 3, 13 10 16 1 6, 17 8 15 0 6, 18 2 44 0 24, 14 14 19 0 10, 16 14 13 0 6
10 15 25 1 10, 1 3 46 1 23, 2 7 11 0 5, 7 9 29 0 15, 12 14 29 0 15, 3 8 10 0 5, 9 12 10 1 5, 11 4 42 0 22, 13 10 7 0 2, 5 4 9 0 4, 8 3 8 1 3
6 6 5 0 2, 16 9 5 0 2, 20 14 15 1 6, 1 11 41 1 16, 12 14 24 0 10, 13 4 44 0 22, 18 5 27 0 14, 21 2 27 0 12, 14 1 17 0 10, 15 1 8 1 4, 17 13 19 0 10
1 11 44 0 25, 13 6 33 1 16, 4 12 13 1 6, 2 10 13 0 6, 12 8 17 0 7, 14 3 12 0 5, 20 9 5 0 2, 19 1 6 1 2, 22 11 17 1 9, 5 7 11 0 5, 3 4 11 0 5, 7 2 23 0 11, 18 2 15 0 6, 17 2 42 0 18
6 5 46 0 24, 12 13 32 0 13, 5 9 17 0 7, 7 3 44 0 25, 1 8 13 0 6, 10 11 27 0 11, 9 8 16 0 9, 16 15 19 0 9, 11 10 48 0 19, 4 1 13 0 7, 14 2 11 0 6, 15 14 18 0 9, 17 10 32 0 18
