18, 16, 4, 15, 6, 9, 18, 8, 7, 17, 8, 14, 16, 17, 4, 13, 14, 4, 9, 18, 9, 7, 5, 15, 8, 6, 18, 15, 14, 7, 9, 7, 6, 16, 4, 8, 5, 4, 6, 9, 16, 9, 9, 17, 17, 18, 6, 17, 6, 14, 8, 17, 7, 17, 17, 6, 8, 4, 18, 15, 9, 13, 13, 5, 14, 4, 7, 9, 14, 8, 6, 18, 9, 15, 15, 7, 6, 9, 16, 6, 18, 5, 16, 13, 4, 6, 18, 16, 4, 7, 8, 13, 6, 16, 17, 4, 13, 14, 8, 18, 4, 7, 15, 17, 17, 9, 13, 6, 17, 9, 15, 7, 15, 16, 4, 6, 7, 6, 14, 5, 5, 8, 18, 16, 9, 18, 5, 16, 4, 16, 7, 14, 16, 15, 6, 14, 14, 9, 13, 8
2 12 30 0 14, 13 6 21 0 10, 15 12 24 0 11, 4 5 8 0 4, 8 6 45 0 25, 3 9 20 0 8, 7 10 20 0 9, 9 3 5 0 2, 11 11 41 0 22, 1 2 18 0 7, 10 9 33 0 18, 16 7 23 0 10, 12 15 29 0 12
15 3 27 0 12, 1 4 29 0 16, 17 3 21 0 9, 14 10 17 0 7, 16 13 14 0 7, 17 3 21 0 9, 18 7 34 0 19
1 4 33 0 13, 17 1 47 0 24, 5 6 33 0 18, 19 12 15 1 8, 18 10 26 0 14, 6 10 18 1 8, 14 7 10 0 5, 16 8 34 1 16, 7 3 21 0 8, 10 8 14 0 6, 15 14 13 0 5, 2 6 19 0 10, 3 5 14 0 8, 9 11 15 1 8, 20 9 24 0 13, 4 8 20 0 8
7 3 22 1 11, 8 5 9 0 4, 12 1 27 1 13, 10 12 5 1 2, 1 7 12 0 6, 11 2 47 1 27, 19 2 31 1 12, 13 9 18 1 9, 21 10 28 0 12, 9 6 24 0 11, 20 5 22 0 9, 18 13 26 0 12
17 10 34 1 15, 6 13 33 1 17, 1 4 50 0 24, 7 1 38 0 15, 2 15 21 0 8, 8 6 16 0 8, 10 5 23 0 11, 18 7 15 0 8, 20 3 45 1 19, 3 12 35 0 17, 11 1 15 0 7
16 2 45 0 20, 17 15 20 0 8, 13 2 44 0 20, 15 2 17 0 8, 14 5 43 0 21, 10 14 10 1 4, 1 14 23 0 12, 6 10 32 1 14, 11 15 20 0 8, 7 13 5 0 2, 4 15 15 0 8, 2 7 21 0 12, 20 4 18 0 8, 5 6 5 0 2, 12 6 41 0 19
1 11 41 1 22, 17 8 15 0 6, 13 12 18 0 8, 15 3 6 0 3, 12 6 38 0 16, 14 6 13 0 6, 18 15 50 0 28, 16 11 18 0 10
10 15 25 1 10, 1 3 46 1 23, 12 14 29 0 15, 2 1 10 1 4, 3 4 8 0 4, 5 4 9 0 4, 11 4 42 0 22, 9 12 10 1 5, 13 10 7 0 2, 7 9 29 0 15, 8 2 9 0 5
7 9 47 0 24, 12 7 45 0 24, 10 14 50 0 29, 11 8 6 0 2, 1 11 18 1 7, 2 12 41 1 18, 6 4 48 0 22, 14 9 21 0 12, 13 1 9 1 4, 15 12 47 0 24
1 11 41 1 16, 20 14 15 1 6, 21 14 14 0 6, 6 6 5 0 2, 8 5 16 1 6, 7 5 5 0 2, 9 10 9 0 4, 11 8 30 0 14, 18 5 27 0 14, 10 14 21 0 11, 15 4 6 0 2, 16 9 5 0 2, 17 13 19 0 10
13 6 33 1 16, 18 10 18 0 9, 2 5 16 0 8, 20 9 5 0 2, 22 11 17 1 9, 6 13 46 0 26, 19 1 6 1 2, 14 3 12 0 5, 7 11 19 0 10, 1 11 44 0 25, 17 2 42 0 18, 12 8 17 0 7
6 5 46 0 24, 12 5 31 1 15, 13 9 26 0 13, 7 3 44 0 25, 4 1 13 0 7, 10 11 27 0 11, 5 9 17 0 7, 1 3 8 0 3, 16 15 19 0 9, 9 15 13 0 5, 17 10 32 0 18, 11 10 48 0 19
