8, 7, 14, 1, 5, 13, 4, 1, 14, 4, 16, 7, 8, 14, 16, 4, 1, 5, 8, 13, 7, 13, 4, 10, 14, 7, 4, 5, 1, 13, 4, 10, 10, 10, 16, 8, 7, 7, 14, 4, 1, 8, 16, 4, 13, 4, 8, 16, 5, 10, 7, 5, 16, 5, 13, 7, 10, 4, 8, 1, 16, 4, 13, 7, 10, 1, 8, 14, 16, 1, 16, 4, 7, 8, 5, 13, 14, 7, 10, 14, 16, 14, 14, 16, 8, 14, 4, 5, 7, 10, 8
2 15 18 0 10, 4 12 43 1 25, 1 14 10 0 4, 5 13 30 1 16, 7 11 39 0 21, 3 15 43 0 23, 6 12 25 0 10, 8 8 47 1 24
14 10 18 0 9, 1 2 18 0 7, 13 6 21 0 10, 16 9 25 0 10, 2 12 30 0 14, 3 9 20 0 8, 4 5 8 0 4, 7 10 20 0 9, 8 6 45 0 25, 9 3 5 0 2, 10 9 33 0 18, 11 11 41 0 22, 12 15 29 0 12
14 2 14 0 8, 15 3 27 0 12, 17 3 21 0 9, 1 4 29 0 16, 2 3 34 0 19, 16 8 19 0 8, 17 3 21 0 9, 18 7 34 0 19
7 3 22 1 11, 1 8 17 1 8, 12 8 30 0 15, 10 12 5 1 2, 8 10 10 1 4, 9 1 27 0 14, 19 2 31 1 12, 11 2 47 1 27, 20 6 18 0 7, 21 10 28 0 12, 13 13 19 1 9, 18 13 26 0 12
1 4 50 0 24, 17 2 39 0 22, 2 15 21 0 8, 19 11 16 0 6, 20 3 45 1 19, 3 12 35 0 17, 6 4 36 0 17, 7 1 38 0 15, 8 6 16 0 8, 10 5 23 0 11, 11 1 15 0 7
3 1 22 0 9, 4 10 22 0 11, 1 4 33 0 15, 5 7 35 0 18, 2 15 20 0 11, 6 5 10 0 4, 9 3 24 0 10, 10 12 45 0 23, 11 14 17 0 7
17 8 15 0 6, 15 4 4 0 2, 14 6 13 0 6, 12 6 38 0 16, 16 14 13 0 6, 13 10 16 1 6, 1 11 41 1 22, 18 2 44 0 24
9 12 10 1 5, 1 9 43 0 23, 11 4 42 0 22, 12 14 29 0 15, 10 15 25 1 10, 5 4 9 0 4, 6 4 27 0 15, 13 6 9 1 3, 2 1 10 1 4, 3 4 8 0 4, 8 2 9 0 5
1 11 41 1 16, 12 5 28 0 11, 20 14 15 1 6, 6 6 5 0 2, 16 9 5 0 2, 13 1 50 0 20, 18 10 24 0 10, 15 5 9 0 4, 21 14 14 0 6, 14 1 17 0 10, 17 8 24 0 11
