18, 18, 6, 1, 4, 15, 6, 15, 9, 4, 4, 7, 8, 11, 12, 12, 1, 1, 8, 17, 17, 6, 12, 18, 7, 15, 7, 17, 6, 9, 11, 13, 8, 14, 4, 8, 1, 13, 15, 16, 12, 8, 11, 17, 11, 14, 16, 16, 13, 18, 7, 6, 14, 8, 5, 15, 6, 18, 4, 4, 7, 17, 5, 14, 12, 9, 9, 17, 7, 12, 9, 16, 6, 12, 15, 5, 4, 17, 13, 1, 18, 6, 4, 14, 12, 18, 17, 7, 9, 18, 7, 6, 12, 9, 1, 4, 16, 4, 5, 5, 9, 11, 15, 12, 12, 6, 13, 8, 8, 15, 9, 15, 16, 6, 14, 12, 7, 9, 1, 18, 16, 12, 8, 18, 4, 17, 11, 9, 9, 7, 6, 5, 17, 5, 16, 15, 11, 6, 12, 12, 14, 16, 18, 1, 6, 13, 6, 7, 4, 16, 14, 5, 15, 13, 11, 8, 15, 9, 14, 13, 8, 18, 12, 9, 14, 6, 17, 4, 11, 7, 14, 16
5 13 30 1 16, 1 14 10 0 4, 6 12 25 0 10, 2 15 18 0 10, 3 15 43 0 23, 4 12 43 1 25, 7 11 39 0 21, 8 8 47 1 24
1 2 18 0 7, 15 12 24 0 11, 16 7 23 0 10, 13 6 21 0 10, 2 12 30 0 14, 3 9 20 0 8, 4 5 8 0 4, 7 10 20 0 9, 8 6 45 0 25, 9 3 5 0 2, 10 9 33 0 18, 11 7 36 0 21, 12 15 29 0 12
14 8 11 0 4, 16 13 14 0 7, 1 4 29 0 16, 15 13 26 0 12, 17 2 27 0 14, 2 15 39 0 17, 17 3 21 0 9, 18 7 34 0 19
2 6 19 0 10, 16 4 33 1 16, 4 5 17 0 6, 15 13 16 1 9, 17 12 44 0 22, 19 12 15 1 8, 1 4 33 0 13, 3 5 14 0 8, 5 6 33 0 18, 18 10 26 0 14, 20 9 24 0 13, 6 10 18 1 8, 7 9 17 0 8, 8 8 38 0 15, 9 11 15 1 8, 14 7 10 0 5
7 3 22 1 11, 21 10 28 0 12, 1 7 12 0 6, 8 10 10 1 4, 20 6 18 0 7, 9 6 24 0 11, 11 2 47 1 27, 12 1 27 1 13, 13 9 18 1 9, 10 12 5 1 2, 19 1 35 0 16, 18 13 26 0 12
1 4 50 0 24, 3 12 35 0 17, 18 7 15 0 8, 6 4 36 0 17, 17 10 34 1 15, 2 15 21 0 8, 20 3 45 1 19, 7 3 35 1 20, 8 6 16 0 8, 9 9 24 0 11, 11 1 15 0 7
1 12 21 0 11, 13 2 44 0 20, 16 2 45 0 20, 7 10 8 1 3, 10 8 12 0 6, 17 5 23 0 10, 11 11 22 0 13, 20 8 21 0 12, 2 7 21 0 12, 3 7 21 1 10, 6 6 29 0 13, 14 15 42 0 25, 12 6 41 0 19, 15 5 14 0 7
6 10 27 0 15, 8 2 6 0 3, 1 6 30 0 13, 9 5 40 0 22, 4 14 25 1 13, 2 5 39 0 21, 3 13 8 0 3, 7 1 40 0 17, 5 3 33 0 17
5 15 24 1 12, 8 3 18 0 10, 2 8 46 0 24, 1 11 29 0 13, 12 10 7 0 3, 9 14 7 1 3, 15 9 39 0 21, 3 5 5 0 2, 14 13 9 1 5, 6 13 45 0 21, 10 4 18 0 9, 11 7 39 0 15, 4 12 41 1 19, 13 3 22 0 12, 18 13 19 0 11, 7 8 19 0 9
1 11 41 1 22, 17 8 15 0 6, 13 10 16 1 6, 15 4 4 0 2, 12 6 38 0 16, 14 6 13 0 6, 18 2 44 0 24, 16 14 13 0 6
1 9 43 0 23, 9 12 10 1 5, 2 2 17 0 8, 10 15 25 1 10, 11 4 42 0 22, 12 14 29 0 15, 13 10 7 0 2, 3 4 8 0 4, 5 4 9 0 4, 7 9 29 0 15, 8 3 8 1 3
4 7 8 0 4, 12 5 48 0 26, 11 13 7 0 3, 14 3 22 0 10, 7 9 47 0 24, 10 14 50 0 29, 1 1 20 1 10, 5 2 12 0 5, 3 6 17 1 9, 13 1 9 1 4, 6 5 43 0 25, 15 1 42 0 24
1 11 41 1 16, 12 14 24 0 10, 18 5 27 0 14, 6 6 5 0 2, 20 14 15 1 6, 13 4 44 0 22, 15 5 9 0 4, 14 1 17 0 10, 16 9 5 0 2, 21 12 29 0 12, 17 15 23 0 10
13 6 33 1 16, 21 3 15 0 7, 18 2 15 0 6, 1 11 44 0 25, 7 11 19 0 10, 14 1 17 0 7, 2 10 13 0 6, 12 4 21 0 11, 6 13 46 0 26, 22 11 17 1 9, 17 2 42 0 18
12 5 31 1 15, 13 9 26 0 13, 16 4 18 0 9, 17 14 35 1 15, 7 3 44 0 25, 1 3 8 0 3, 10 11 27 0 11, 5 9 17 0 7, 9 15 13 0 5, 6 8 47 0 22, 4 5 16 0 7, 11 10 48 0 19
