3, 3, 15, 2, 12, 14, 3, 14, 15, 3, 3, 14, 15, 3, 6, 3, 2, 4, 13, 15, 12, 11, 3, 11, 12, 11, 6, 1, 4, 12, 10, 6, 13, 2, 3, 4, 10, 6, 4, 3, 6, 2, 15, 2, 3, 4, 13, 1, 3, 12, 15, 4, 5, 6, 2, 14, 6, 4, 5, 12, 10, 10, 12, 1, 15, 11, 14, 6, 3, 6, 5, 15, 2, 12, 4, 6, 3, 2, 10, 14, 12, 12, 14, 2, 6, 1, 12, 1, 4, 5, 10, 13, 3, 11, 3, 13, 6, 11, 6, 4, 13, 13, 12, 12, 5, 14, 2, 11, 3, 15, 4, 10, 4, 15, 5, 5, 2, 4, 6, 11, 14, 1, 12, 10, 15, 1, 10, 12, 11, 15, 1, 6, 13, 12, 5, 14, 3, 6, 3, 14
7 11 39 0 21, 1 14 10 0 4, 5 13 30 1 16, 4 12 43 1 25, 3 15 43 0 23, 6 12 25 0 10, 2 15 18 0 10, 8 8 47 1 24
12 4 25 0 14, 7 6 25 1 12, 3 4 40 0 16, 13 7 39 0 20, 5 1 33 0 16, 1 5 10 0 5, 4 7 20 1 11, 14 10 37 0 18, 8 10 41 1 22, 2 15 7 1 3, 6 1 42 0 21
17 10 20 0 10, 16 10 49 0 20, 5 2 19 0 9, 7 5 39 1 21, 18 6 30 0 17, 9 5 30 1 17, 1 11 34 0 18, 8 1 6 1 3, 2 11 27 0 13, 6 13 5 0 2, 13 14 33 0 15, 3 7 8 0 4, 4 7 13 1 7, 10 3 39 0 18, 19 3 20 1 8, 14 2 11 1 6, 11 9 33 0 19, 15 1 10 0 5, 12 12 16 0 6
13 6 21 0 10, 4 5 8 0 4, 1 2 18 0 7, 2 12 30 0 14, 15 12 24 0 11, 3 9 20 0 8, 7 10 20 0 9, 8 6 45 0 25, 9 3 5 0 2, 11 7 36 0 21, 16 7 23 0 10, 10 9 33 0 18, 12 15 29 0 12
17 7 30 0 14, 15 3 27 0 12, 14 12 13 0 6, 17 2 27 0 14, 17 7 30 0 14, 1 4 29 0 16, 16 13 14 0 7, 18 7 34 0 19
1 4 33 0 13, 5 11 39 1 17, 6 10 18 1 8, 18 10 26 0 14, 2 2 22 0 12, 9 11 15 1 8, 3 5 14 0 8, 4 5 17 0 6, 7 3 21 0 8, 10 10 19 0 9, 16 5 31 1 15, 14 7 10 0 5, 17 12 44 0 22, 19 12 15 1 8, 15 14 13 0 5, 20 9 24 0 13
4 13 20 1 11, 9 9 19 0 8, 3 1 22 0 9, 5 7 35 0 18, 1 2 39 1 18, 6 9 12 0 5, 10 3 48 0 28, 2 15 20 0 11, 11 14 17 0 7
8 2 6 0 3, 2 5 39 0 21, 7 1 40 0 17, 1 6 30 0 13, 3 3 11 0 5, 9 9 39 0 23, 4 5 21 1 10, 6 2 28 0 13, 5 4 31 0 13
13 3 22 0 12, 4 12 41 1 19, 8 3 18 0 10, 7 8 19 0 9, 5 15 24 1 12, 2 8 46 0 24, 14 1 5 0 2, 6 13 45 0 21, 1 1 31 0 15, 18 13 19 0 11, 15 9 39 0 21, 3 11 11 1 5, 9 6 5 0 2, 10 4 18 0 9, 11 7 39 0 15, 12 10 7 0 3
16 11 18 0 10, 14 6 13 0 6, 13 10 16 1 6, 1 13 50 0 20, 17 11 19 0 9, 15 6 5 1 2, 12 13 41 0 23, 18 2 44 0 24
9 12 10 1 5, 2 1 10 1 4, 12 14 29 0 15, 3 4 8 0 4, 1 9 43 0 23, 11 15 47 0 26, 13 10 7 0 2, 6 4 27 0 15, 5 4 9 0 4, 10 15 25 1 10, 8 3 8 1 3
7 9 47 0 24, 4 7 8 0 4, 12 7 45 0 24, 11 8 6 0 2, 14 9 21 0 12, 10 14 50 0 29, 13 1 9 1 4, 15 1 42 0 24, 5 2 12 0 5, 1 11 18 1 7, 3 6 17 1 9, 6 5 43 0 25
