4, 1, 5, 14, 4, 16, 7, 13, 7, 13, 8, 1, 5, 8, 5, 1, 4, 1, 13, 8, 10, 4, 14, 5, 14, 13, 14, 16, 5, 7, 16, 10, 8, 10, 7, 1, 16, 14, 1, 5, 16, 10, 13, 16, 4, 14, 4, 10, 4, 8, 7, 8, 10, 7, 7, 13, 8, 4, 5, 10, 13, 14, 4, 7, 1, 14, 16, 14, 7, 10, 4, 8, 8, 16, 4, 4, 7, 14, 7, 8, 7, 8, 1, 13, 4, 8, 14
1 14 10 1 2, 2 15 18 0 6, 4 12 43 0 15, 6 12 25 1 7, 3 15 43 1 16, 7 5 49 0 12, 5 13 30 0 10, 8 8 47 0 14
3 9 20 0 5, 2 8 38 0 14, 14 10 18 0 6, 1 2 18 1 5, 13 6 21 0 7, 4 5 8 0 2, 16 7 23 1 8, 7 1 23 0 8, 8 6 45 0 13, 9 3 5 0 1, 10 9 33 0 7, 11 7 36 0 8, 12 15 29 0 7
14 8 11 1 3, 15 5 24 0 6, 1 3 35 0 10, 17 2 27 0 6, 17 3 21 0 7, 16 13 14 1 4, 18 7 34 0 12
7 3 22 0 5, 1 7 12 0 3, 8 5 9 0 3, 20 6 18 0 6, 12 1 27 0 5, 9 6 24 0 5, 13 13 19 0 4, 19 1 35 0 9, 21 10 28 0 7, 10 12 5 0 1, 11 2 47 0 15, 18 13 26 0 9
17 10 34 1 11, 5 2 18 0 6, 2 15 21 1 6, 18 7 15 0 3, 4 8 16 0 5, 1 4 50 1 13, 7 3 35 1 10, 20 3 45 0 11, 9 9 24 0 8, 8 15 17 0 6, 3 12 35 0 9, 11 8 17 0 6
1 1 34 0 7, 2 15 20 0 7, 3 1 22 1 7, 7 14 36 0 12, 8 12 44 0 12, 9 9 19 1 5, 10 12 45 0 15, 11 14 17 0 5
12 6 38 0 8, 15 4 4 0 1, 14 6 13 0 5, 17 8 15 0 4, 1 13 50 1 18, 13 10 16 1 3, 18 2 44 1 10, 16 14 13 0 3
9 12 10 0 3, 2 7 11 0 3, 8 3 8 0 2, 1 9 43 1 10, 12 10 31 0 6, 7 9 29 1 7, 10 15 25 0 8, 11 4 42 0 9, 3 4 8 0 2, 5 4 9 0 2, 13 10 7 0 2
1 11 41 0 10, 20 7 19 0 6, 2 7 32 0 8, 4 4 40 0 10, 18 11 18 0 3, 3 6 39 0 13, 21 14 14 0 4, 5 2 30 0 9
