11, 13, 4, 2, 6, 10, 15, 4, 14, 12, 13, 1, 11, 5, 14, 5, 4, 13, 15, 14, 14, 1, 3, 1, 13, 10, 11, 12, 13, 15, 12, 14, 15, 4, 3, 12, 12, 6, 10, 2, 2, 4, 3, 2, 2, 5, 1, 10, 3, 6, 11, 13, 14, 10, 2, 15, 14, 5, 13, 15, 11, 5, 2, 6, 15, 13, 12, 1, 14, 2, 5, 11, 6, 4, 11, 12, 12, 12, 12, 11, 4, 3, 2, 10, 12, 15, 3, 5, 10, 15, 6, 4, 11, 15, 6, 14, 1, 6, 3, 2, 6, 4, 10, 6, 6, 15, 3, 1, 6, 3, 3, 3, 2, 12, 12, 6, 1, 6, 12, 6, 15, 4, 12, 6, 4, 3, 3, 3, 3, 3, 4, 3, 14, 3, 3, 12
3 15 43 1 16, 4 12 43 0 15, 1 14 10 1 2, 7 11 39 0 11, 6 12 25 1 7, 2 15 18 0 6, 5 13 30 0 10, 8 8 47 0 14
6 5 38 0 8, 2 8 6 1 2, 12 4 25 0 5, 3 4 40 0 15, 1 14 13 1 4, 7 6 25 0 6, 5 1 33 0 10, 13 7 39 0 12, 8 10 41 0 16, 4 9 10 0 2, 14 10 37 0 10
2 8 29 1 9, 17 10 20 0 4, 5 2 19 0 5, 16 10 49 0 11, 7 5 39 0 12, 9 13 39 1 14, 14 2 11 0 4, 10 13 40 0 14, 8 1 6 0 1, 3 7 8 1 1, 6 13 5 0 1, 18 6 30 0 10, 19 3 20 1 5, 13 15 35 0 8, 4 2 18 0 7, 11 4 36 0 8, 15 8 19 0 4, 1 4 29 0 9, 12 14 21 1 6
1 2 18 1 5, 13 6 21 0 7, 16 7 23 1 8, 14 14 28 0 10, 7 10 20 0 7, 5 3 29 1 6, 9 3 5 0 1, 8 6 45 0 13, 11 7 36 0 8, 10 9 33 0 7, 6 4 33 0 6, 12 15 29 0 7
1 3 35 0 10, 15 5 24 0 6, 17 3 21 0 7, 17 3 21 0 7, 14 8 11 1 3, 16 8 19 0 5, 18 7 34 0 12
17 12 44 1 17, 4 5 17 0 6, 3 5 14 0 4, 5 11 39 0 14, 8 8 38 0 15, 18 10 26 1 5, 6 3 20 1 4, 19 12 15 1 4, 1 4 33 1 10, 9 11 15 0 4, 14 7 10 0 3, 15 14 13 0 4, 2 6 19 0 6, 7 9 17 0 6, 16 5 31 1 11, 20 9 24 0 6
1 4 33 0 9, 3 1 22 1 7, 2 15 20 0 7, 7 8 39 0 14, 8 12 44 0 12, 9 9 19 1 5, 10 12 45 0 15, 11 14 17 0 5
8 2 6 0 1, 6 2 28 0 6, 1 6 30 0 11, 9 5 40 0 10, 7 1 40 0 10, 2 14 36 0 7, 3 13 8 0 3, 4 5 21 0 8, 5 4 31 0 9
11 7 39 0 14, 8 3 18 0 6, 13 3 22 1 8, 9 14 7 0 2, 14 8 8 0 2, 15 9 39 0 13, 18 13 19 1 6, 3 5 5 1 1, 1 11 29 0 11, 10 4 18 0 6, 6 2 42 0 11, 2 15 44 0 15, 5 15 24 0 6, 4 12 41 0 10, 12 10 7 0 1, 7 8 19 0 4
12 6 38 0 8, 15 13 9 0 1, 1 13 50 1 18, 13 9 21 0 6, 17 11 19 0 5, 14 6 13 0 5, 18 2 44 1 10, 16 14 13 0 3
1 9 43 1 10, 12 14 29 0 6, 13 10 7 0 2, 10 15 25 0 8, 9 15 19 0 6, 4 3 18 0 5, 6 4 27 0 6, 11 4 42 0 9, 5 4 9 0 2, 8 3 8 0 2
10 14 50 0 11, 4 7 8 0 3, 1 11 18 0 5, 11 8 6 0 1, 12 7 45 0 16, 5 2 12 0 2, 13 6 11 1 4, 14 9 21 0 4, 3 6 17 1 5, 7 9 47 0 16, 15 1 42 1 10, 6 5 43 0 10
