7, 18, 15, 8, 17, 4, 1, 17, 17, 8, 17, 2, 17, 4, 12, 12, 7, 18, 2, 17, 2, 17, 7, 18, 15, 7, 7, 4, 18, 1, 2, 2, 4, 15, 12, 1, 12, 4, 15, 18, 2, 7, 18, 8, 1, 7, 8, 4, 4, 2, 18, 18, 8, 7, 17, 15, 12, 12, 2, 7, 1, 4, 1, 18, 15, 4, 12, 15, 7, 1, 15, 2, 17, 18, 8, 2, 4, 7, 12, 17, 8, 15, 4, 7, 1, 17, 12, 12, 17, 4, 18, 8, 12, 2, 15, 12, 8, 7, 12, 12, 18, 17, 12, 2, 12
1 9 13 0 3, 5 13 30 0 10, 3 15 43 1 16, 2 15 18 0 6, 4 12 43 0 15, 6 12 25 1 7, 7 11 39 0 11, 8 8 47 0 14
1 5 10 1 2, 2 9 8 0 1, 9 2 10 1 3, 11 6 38 0 10, 3 4 40 0 15, 7 6 25 0 6, 5 1 33 0 10, 4 7 20 1 6, 8 10 41 0 16, 10 14 24 0 6, 14 10 37 0 10, 6 5 38 0 8
13 6 21 0 7, 15 12 24 0 9, 5 3 29 1 6, 7 10 20 0 7, 9 3 5 0 1, 1 2 18 1 5, 11 11 41 0 8, 6 4 33 0 6, 8 6 45 0 13, 16 7 23 1 8, 10 9 33 0 7, 12 15 29 0 7
1 7 12 0 3, 7 3 22 0 5, 8 5 9 0 3, 11 2 47 0 15, 19 2 31 0 10, 17 7 20 0 7, 20 6 18 0 6, 9 1 27 0 10, 10 12 5 0 1, 21 1 32 1 7, 14 11 20 0 4, 16 6 15 0 3, 18 5 30 0 10
1 4 50 1 13, 13 10 44 0 9, 19 11 16 0 6, 15 10 36 0 11, 17 10 34 1 11, 14 13 32 0 8, 20 12 48 0 15, 12 3 43 1 15, 16 14 28 0 10
2 8 46 0 15, 15 9 39 0 13, 18 13 19 1 6, 1 1 31 0 10, 10 4 18 0 6, 5 15 24 0 6, 8 12 20 0 5, 6 2 42 0 11, 3 5 5 1 1, 14 1 5 0 1, 4 12 41 0 10, 9 6 5 1 1, 11 7 39 0 14, 7 11 15 1 5, 13 3 22 1 8, 12 10 7 0 1
1 11 18 0 5, 10 14 50 0 11, 2 12 41 0 11, 12 7 45 0 16, 11 8 6 0 1, 6 5 43 0 10, 14 9 21 0 4, 7 9 47 0 16, 13 1 9 1 2, 15 1 42 1 10
18 10 18 0 5, 1 11 44 0 11, 21 3 15 0 3, 11 1 24 0 5, 13 6 33 1 11, 15 8 7 0 1, 22 11 17 0 5, 8 9 17 1 4, 9 2 29 0 6, 10 15 13 0 2, 16 8 8 0 1, 12 4 21 0 4, 17 2 42 0 12
1 3 8 1 2, 5 9 17 1 3, 4 1 13 0 3, 12 13 32 1 6, 6 5 46 0 11, 16 4 18 0 3, 13 9 26 0 8, 7 3 44 0 10, 8 5 17 1 6, 17 10 32 1 8, 10 15 30 0 10, 11 10 48 0 18
