18, 14, 7, 14, 8, 1, 15, 10, 10, 7, 17, 12, 6, 2, 8, 1, 17, 2, 1, 18, 17, 6, 17, 15, 10, 14, 18, 18, 6, 12, 1, 12, 2, 8, 14, 7, 4, 4, 7, 1, 7, 4, 12, 4, 10, 6, 4, 1, 2, 18, 2, 12, 18, 14, 17, 12, 8, 14, 17, 2, 15, 8, 10, 17, 15, 2, 10, 4, 8, 6, 7, 15, 6, 1, 7, 6, 1, 15, 14, 14, 18, 4, 17, 2, 18, 12, 18, 17, 2, 10, 4, 12, 12, 8, 4, 12, 8, 6, 7, 10, 2, 17, 7, 7, 18, 10, 15, 15, 12, 7, 8, 6, 4, 17, 6, 2, 6, 14, 6, 14, 7, 8, 6, 15, 12, 18, 2, 6, 12, 4, 6, 8, 12, 6, 15, 4, 12, 12, 18, 18, 17
3 15 43 1 16, 5 13 30 0 10, 2 11 24 1 8, 6 12 25 1 7, 4 12 43 0 15, 1 14 10 1 2, 7 11 39 0 11, 8 8 47 0 14
1 14 13 1 4, 6 5 38 0 8, 4 9 10 0 2, 10 14 24 0 6, 11 6 38 0 10, 7 15 30 0 8, 8 10 41 0 16, 9 13 12 0 3, 2 15 7 0 1, 5 1 33 0 10, 3 4 40 0 15, 14 10 37 0 10
1 2 18 1 5, 13 6 21 0 7, 8 6 45 0 13, 7 1 23 0 8, 14 14 28 0 10, 5 3 29 1 6, 6 4 33 0 6, 9 3 5 0 1, 11 7 36 0 8, 16 9 25 0 5, 10 9 33 0 7, 12 14 31 1 9
6 10 18 0 6, 18 10 26 1 5, 4 8 20 0 7, 16 8 34 0 12, 7 9 17 0 6, 9 11 15 0 4, 14 7 10 0 3, 15 14 13 0 4, 10 8 14 0 5, 17 12 44 1 17, 19 1 18 0 4, 2 6 19 0 6, 1 11 36 0 10, 5 11 39 0 14, 3 5 14 0 4, 20 9 24 0 6
12 1 27 0 5, 13 9 18 0 6, 9 6 24 0 5, 8 5 9 0 3, 1 7 12 0 3, 7 3 22 0 5, 19 2 31 0 10, 11 2 47 0 15, 20 5 22 1 8, 10 12 5 0 1, 21 7 33 1 8, 18 13 26 0 9
1 4 50 1 13, 3 12 35 0 9, 17 10 34 1 11, 19 11 16 0 6, 2 15 21 1 6, 9 9 24 0 8, 6 13 33 0 10, 7 3 35 1 10, 20 3 45 0 11, 8 6 16 0 5, 11 1 15 1 4
9 9 19 1 5, 4 10 22 0 6, 5 7 35 0 11, 1 4 33 0 9, 3 13 24 1 6, 6 5 10 1 2, 10 3 48 0 12, 2 15 20 0 7, 11 14 17 0 5
4 12 41 0 10, 13 3 22 1 8, 8 3 18 0 6, 14 1 5 0 1, 15 9 39 0 13, 3 5 5 1 1, 9 6 5 1 1, 11 7 39 0 14, 1 1 31 0 10, 5 15 24 0 6, 2 15 44 0 15, 18 5 21 0 7, 6 2 42 0 11, 10 4 18 0 6, 7 11 15 1 5, 12 10 7 0 1
8 2 9 0 3, 4 3 18 0 5, 1 9 43 1 10, 10 15 25 0 8, 6 4 27 0 6, 5 4 9 0 2, 11 4 42 0 9, 9 12 10 0 3, 12 14 29 0 6, 13 10 7 0 2
1 11 18 0 5, 10 14 50 0 11, 12 7 45 0 16, 13 1 9 1 2, 11 8 6 0 1, 2 12 41 0 11, 14 9 21 0 4, 7 9 47 0 16, 6 5 43 0 10, 15 12 47 0 15
1 11 44 0 11, 7 11 19 0 4, 19 6 7 1 1, 2 5 16 1 3, 18 2 15 1 3, 12 8 17 0 4, 20 9 5 1 1, 6 13 46 0 16, 13 6 33 1 11, 14 3 12 1 4, 17 2 42 0 12, 22 11 17 0 5
2 6 12 0 2, 8 13 10 1 2, 1 3 8 1 2, 10 3 28 0 6, 14 2 11 1 3, 3 2 21 0 6, 15 1 16 0 4, 6 5 46 0 11, 16 4 18 0 3, 12 5 31 0 11, 17 10 32 1 8, 7 3 44 0 10, 11 10 48 0 18
