6, 17, 3, 18, 6, 12, 11, 18, 2, 2, 17, 12, 15, 9, 11, 9, 9, 11, 11, 6, 18, 15, 3, 18, 9, 9, 15, 17, 18, 12, 6, 11, 6, 3, 3, 18, 17, 12, 15, 12, 6, 2, 6, 18, 15, 9, 12, 2, 11, 3, 17, 11, 17, 6, 12, 2, 3, 9, 3, 17, 9, 18, 15, 17, 2, 12, 11, 3, 15, 2, 18, 9, 6, 15, 17, 9, 12, 18, 15, 2, 12, 11, 3, 2, 3, 6, 2, 6, 9, 12, 12, 3, 3, 6, 6, 15, 12, 17, 9, 6, 3, 12, 9, 3, 9, 2, 12, 6, 18, 18, 6, 3, 12, 3, 9, 17, 3, 3, 3, 9, 9
13 7 39 0 12, 14 12 40 0 12, 5 1 33 0 10, 7 6 25 0 6, 8 10 41 0 16, 12 4 25 0 5, 3 4 40 0 15, 1 8 16 0 3, 2 8 6 1 2, 4 12 13 0 3, 6 1 42 1 11
13 9 40 0 12, 4 7 13 0 4, 14 7 15 1 3, 3 1 11 0 3, 6 13 5 0 1, 1 4 29 0 9, 15 1 10 0 3, 5 2 19 0 5, 2 11 27 0 5, 16 15 44 0 11, 17 13 39 0 11, 11 4 36 0 8, 18 7 29 0 10, 19 3 20 1 5, 8 1 6 0 1, 9 5 30 1 7, 7 1 50 0 18, 10 3 39 0 15, 12 12 16 0 4
1 4 33 1 10, 19 12 15 1 4, 15 14 13 0 4, 2 3 21 0 8, 3 5 14 0 4, 17 12 44 1 17, 7 9 17 0 6, 10 8 14 0 5, 4 8 20 0 7, 16 5 31 1 11, 5 6 33 1 8, 9 11 15 0 4, 20 9 24 0 6, 6 2 24 0 6, 18 10 26 1 5, 14 7 10 0 3
13 2 44 0 16, 16 4 42 0 16, 7 13 5 0 1, 19 2 9 0 3, 2 7 21 0 6, 9 7 9 1 3, 8 8 39 0 9, 15 5 14 0 5, 11 15 20 0 6, 4 3 13 1 5, 6 5 39 1 9, 18 10 16 1 5, 14 15 42 1 15, 5 6 5 1 1, 1 9 27 0 9, 12 6 41 0 12, 20 12 25 0 9
7 1 40 0 10, 2 5 39 0 12, 8 7 8 1 2, 3 13 8 0 3, 6 10 27 0 8, 9 5 40 0 10, 4 14 25 1 6, 1 1 38 0 11, 5 6 29 0 10
18 13 19 1 6, 15 9 39 0 13, 3 5 5 1 1, 2 15 44 0 15, 5 15 24 0 6, 14 1 5 0 1, 13 3 22 1 8, 8 3 18 0 6, 9 6 5 1 1, 4 12 41 0 10, 11 7 39 0 14, 10 4 18 0 6, 6 13 45 0 12, 12 6 13 0 2, 1 11 29 0 11, 7 11 15 1 5
2 12 41 0 11, 1 1 20 0 4, 13 5 10 0 2, 14 9 21 0 4, 6 4 48 0 10, 12 7 45 0 16, 7 9 47 0 16, 15 1 42 1 10, 10 14 50 0 11, 11 8 6 0 1
13 6 33 1 11, 14 3 12 1 4, 21 3 15 0 3, 2 10 13 1 3, 18 2 15 1 3, 17 2 42 0 12, 22 11 17 0 5, 7 11 19 0 4, 6 13 46 0 16, 1 11 44 0 11, 12 8 17 0 4
12 5 31 0 11, 9 8 16 0 6, 2 6 12 0 2, 16 4 18 0 3, 1 8 13 0 3, 13 6 28 0 6, 10 11 27 1 5, 11 10 48 0 18, 17 3 36 0 10, 3 2 21 0 6, 7 3 44 0 10, 6 5 46 0 11
