11, 18, 10, 16, 3, 6, 14, 2, 13, 13, 7, 9, 16, 14, 18, 9, 5, 13, 14, 18, 11, 11, 5, 13, 14, 14, 7, 6, 16, 14, 6, 5, 10, 7, 2, 7, 16, 16, 16, 10, 2, 9, 10, 7, 5, 3, 11, 3, 7, 16, 5, 2, 11, 18, 3, 13, 18, 13, 9, 14, 18, 13, 11, 7, 9, 11, 3, 14, 14, 2, 5, 16, 7, 14, 18, 7, 16, 10, 16, 6, 2, 3, 9, 16, 6, 13, 6, 7, 5, 6, 18, 3, 3, 2, 11, 9, 3, 14, 2, 18, 6, 2, 16, 6, 10, 11, 3, 6, 16, 9, 2, 18, 3, 3, 9, 18, 7, 9, 6, 9, 6, 6, 9, 6, 2, 3, 9, 10, 9, 7, 6, 3, 9, 3, 3, 9, 3, 3, 10, 3, 6, 18
5 1 33 0 10, 4 9 10 0 2, 13 7 39 0 12, 7 6 25 0 6, 14 10 37 0 10, 8 10 41 0 16, 2 8 6 1 2, 12 8 26 1 8, 3 4 40 0 15, 1 5 10 1 2, 6 5 38 0 8
13 15 35 0 8, 16 15 44 0 11, 15 14 16 0 5, 8 1 6 0 1, 1 4 29 0 9, 14 2 11 0 4, 17 13 39 0 11, 2 11 27 0 5, 18 7 29 0 10, 3 7 8 1 1, 5 3 24 0 7, 4 7 13 0 4, 11 2 29 0 10, 9 5 30 1 7, 19 15 31 0 8, 7 5 39 0 12, 10 3 39 0 15, 6 13 5 0 1, 12 4 20 0 6
1 4 29 1 6, 15 5 24 0 6, 17 3 21 0 7, 14 8 11 1 3, 16 13 14 1 4, 17 3 21 0 7, 18 7 34 0 12
19 12 15 1 4, 5 6 33 1 8, 15 14 13 0 4, 3 5 14 0 4, 4 5 17 0 6, 16 1 36 0 9, 2 6 19 0 6, 6 10 18 0 6, 20 11 25 0 5, 7 9 17 0 6, 8 8 38 0 15, 17 12 44 1 17, 1 3 38 0 15, 9 11 15 0 4, 18 13 29 0 7, 14 7 10 0 3
8 10 10 0 3, 21 10 28 0 7, 19 2 31 0 10, 7 3 22 0 5, 10 12 5 0 1, 1 8 17 0 5, 20 11 23 0 7, 12 1 27 0 5, 9 6 24 0 5, 11 2 47 0 15, 13 9 18 0 6, 18 4 29 0 10
13 2 44 0 16, 7 11 9 1 2, 19 2 9 0 3, 2 7 21 0 6, 10 4 19 0 4, 11 11 22 1 5, 1 12 21 0 6, 14 15 42 1 15, 4 3 13 1 5, 12 6 41 0 12, 5 6 5 1 1, 15 5 14 0 5, 6 6 29 1 10, 16 4 42 0 16, 18 9 17 0 4, 20 8 21 0 5
2 15 20 0 7, 8 12 44 0 12, 9 9 19 1 5, 1 4 33 0 9, 3 13 24 1 6, 7 14 36 0 12, 10 12 45 0 15, 11 14 17 0 5
9 13 36 1 9, 8 2 6 0 1, 2 14 36 0 7, 4 5 21 0 8, 6 10 27 0 8, 1 6 30 0 11, 3 13 8 0 3, 7 15 46 0 9, 5 6 29 0 10
12 6 38 0 8, 13 10 16 1 3, 1 11 41 0 15, 14 1 15 0 3, 18 2 44 1 10, 15 4 4 0 1, 17 8 15 0 4, 16 14 13 0 3
13 10 7 0 2, 10 15 25 0 8, 11 15 47 0 16, 9 12 10 0 3, 2 7 11 0 3, 12 14 29 0 6, 1 9 43 1 10, 6 4 27 0 6, 3 7 9 1 2, 5 4 9 0 2, 8 3 8 0 2
1 11 41 0 10, 11 8 30 1 9, 9 9 14 1 4, 18 11 18 0 3, 6 6 5 0 1, 7 5 5 0 1, 16 9 5 0 1, 21 14 14 0 4, 20 7 19 0 6, 8 5 16 0 5, 10 12 16 1 5, 15 4 6 0 1, 17 1 21 0 6
7 3 44 0 10, 1 3 8 1 2, 5 9 17 1 3, 8 13 10 1 2, 12 13 32 1 6, 10 11 27 1 5, 13 6 28 0 6, 6 5 46 0 11, 4 5 16 0 5, 11 10 48 0 18, 16 4 18 0 3, 17 10 32 1 8
