16, 1, 10, 7, 5, 4, 13, 7, 8, 14, 7, 1, 10, 1, 5, 7, 5, 1, 10, 11, 14, 10, 2, 13, 4, 7, 5, 14, 17, 13, 16, 8, 4, 4, 13, 5, 11, 17, 2, 13, 1, 17, 2, 10, 13, 11, 14, 11, 7, 8, 17, 4, 2, 2, 5, 7, 13, 14, 11, 4, 11, 8, 1, 14, 2, 7, 14, 4, 10, 16, 16, 17, 17, 7, 4, 1, 8, 5, 16, 2, 1, 11, 16, 16, 14, 13, 4, 2, 17, 7, 17, 5, 14, 7, 11, 17, 14, 17, 7, 11, 4, 10, 10, 17, 4, 4, 16, 10, 8, 17, 8, 8, 8, 2, 8, 2, 4, 2, 8, 14
2 15 18 0 6, 4 12 43 0 15, 5 13 30 0 10, 1 14 10 1 2, 7 1 40 0 13, 6 12 25 1 7, 3 15 43 1 16, 8 8 47 0 14
8 10 41 0 16, 2 8 6 1 2, 12 4 25 0 5, 4 9 10 0 2, 5 1 33 0 10, 13 7 39 0 12, 1 8 16 0 3, 14 10 37 0 10, 3 4 40 0 15, 7 6 25 0 6, 6 5 38 0 8
4 5 8 0 2, 1 2 18 1 5, 13 6 21 0 7, 2 12 30 1 11, 15 12 24 0 9, 16 7 23 1 8, 3 9 20 0 5, 7 10 20 0 7, 8 6 45 0 13, 9 3 5 0 1, 10 9 33 0 7, 11 11 41 0 8, 12 14 31 1 9
17 3 21 0 7, 2 5 44 0 8, 17 7 30 0 7, 15 5 24 0 6, 1 11 31 0 6, 14 8 11 1 3, 16 13 14 1 4, 18 7 34 0 12
10 6 8 0 3, 1 7 12 0 3, 8 5 9 0 3, 19 2 31 0 10, 7 3 22 0 5, 20 6 18 0 6, 12 1 27 0 5, 9 6 24 0 5, 11 2 47 0 15, 13 9 18 0 6, 21 1 32 1 7, 18 5 30 0 10
1 4 50 1 13, 10 5 23 0 7, 2 8 23 0 8, 17 2 39 0 14, 19 11 16 0 6, 7 3 35 1 10, 20 3 45 0 11, 3 12 35 0 9, 6 4 36 0 10, 8 6 16 0 5, 11 1 15 1 4
3 1 22 1 7, 4 13 20 1 4, 5 7 35 0 11, 6 9 12 0 2, 9 9 19 1 5, 1 3 40 0 11, 10 3 48 0 12, 2 15 20 0 7, 11 14 17 0 5
4 5 21 0 8, 7 14 42 0 9, 1 6 30 0 11, 6 10 27 0 8, 2 5 39 0 12, 8 2 6 0 1, 9 9 39 0 13, 3 13 8 0 3, 5 6 29 0 10
1 11 41 0 15, 13 10 16 1 3, 17 8 15 0 4, 15 4 4 0 1, 12 13 41 0 12, 18 15 50 1 13, 14 6 13 0 5, 16 14 13 0 3
1 9 43 1 10, 10 15 25 0 8, 7 9 29 1 7, 8 3 8 0 2, 5 4 9 0 2, 3 7 9 1 2, 11 4 42 0 9, 12 14 29 0 6, 2 12 13 0 4, 9 12 10 0 3, 13 6 9 1 3
2 7 32 0 8, 1 1 43 0 14, 20 14 15 0 5, 3 6 39 0 13, 18 11 18 0 3, 21 12 29 0 8, 4 4 40 0 10, 5 1 25 1 9
13 6 33 1 11, 18 2 15 1 3, 2 10 13 1 3, 6 13 46 0 16, 21 12 18 0 5, 16 1 5 0 1, 15 8 7 0 1, 12 8 17 0 4, 7 2 23 0 7, 1 11 44 0 11, 22 6 19 0 4, 17 2 42 0 12
