6, 16, 6, 10, 11, 5, 9, 14, 11, 14, 16, 9, 13, 3, 5, 13, 9, 16, 11, 3, 14, 9, 14, 16, 6, 16, 5, 16, 10, 3, 3, 3, 9, 5, 3, 11, 11, 13, 10, 5, 5, 5, 13, 13, 14, 6, 6, 11, 3, 10, 13, 10, 9, 11, 9, 10, 14, 14, 11, 13, 6, 6, 14, 6, 3, 9, 14, 9, 6, 6, 14, 6, 9, 14, 11, 3, 6, 9, 16, 13, 3, 3, 9, 3, 16, 9, 3, 3, 10, 3, 6, 9, 6, 9, 6, 3, 10, 3, 3, 3, 9, 6
16 15 44 0 11, 2 11 27 0 5, 8 1 6 0 1, 6 13 5 0 1, 3 7 8 1 1, 17 12 33 0 8, 7 1 50 0 18, 9 5 30 1 7, 14 2 11 0 4, 10 4 45 0 9, 1 4 29 0 9, 11 2 29 0 10, 13 14 33 1 7, 4 7 13 0 4, 18 7 29 0 10, 19 3 20 1 5, 15 13 17 0 5, 5 2 19 0 5, 12 12 16 0 4
15 5 24 0 6, 1 4 29 1 6, 17 3 21 0 7, 14 10 17 0 5, 16 8 19 0 5, 17 3 21 0 7, 18 7 34 0 12
7 9 17 0 6, 17 12 44 1 17, 5 6 33 1 8, 1 3 38 0 15, 8 8 38 0 15, 2 6 19 0 6, 18 13 29 0 7, 16 5 31 1 11, 3 5 14 0 4, 14 7 10 0 3, 15 13 16 1 4, 19 12 15 1 4, 4 5 17 0 6, 9 11 15 0 4, 6 3 20 1 4, 20 9 24 0 6
13 2 44 0 16, 18 2 10 0 3, 1 12 21 0 6, 9 4 10 0 3, 2 7 21 0 6, 3 10 25 0 7, 14 15 42 1 15, 11 15 20 0 6, 8 8 39 0 9, 6 6 29 1 10, 7 15 6 0 1, 12 4 45 0 16, 19 2 9 0 3, 15 5 14 0 5, 16 2 45 0 9, 20 12 25 0 9
1 4 33 0 9, 3 1 22 1 7, 2 15 20 0 7, 7 14 36 0 12, 8 12 44 0 12, 9 9 19 1 5, 10 12 45 0 15, 11 14 17 0 5
2 14 36 0 7, 4 5 21 0 8, 6 10 27 0 8, 8 2 6 0 1, 7 1 40 0 10, 1 6 30 0 11, 9 13 36 1 9, 3 13 8 0 3, 5 6 29 0 10
12 6 38 0 8, 17 8 15 0 4, 1 11 41 0 15, 14 6 13 0 5, 13 10 16 1 3, 18 2 44 1 10, 15 6 5 0 1, 16 11 18 0 3
9 12 10 0 3, 1 9 43 1 10, 7 9 29 1 7, 10 9 28 0 9, 12 14 29 0 6, 5 4 9 0 2, 11 4 42 0 9, 2 2 17 0 6, 3 7 9 1 2, 8 3 8 0 2, 13 10 7 0 2
2 7 32 0 8, 3 3 33 0 11, 20 14 15 0 5, 4 4 40 0 10, 18 11 18 0 3, 1 11 41 0 10, 21 14 14 0 4, 5 1 25 1 9
