1, 5, 16, 7, 18, 17, 10, 13, 2, 1, 11, 10, 7, 17, 8, 16, 13, 15, 9, 4, 2, 5, 11, 3, 6, 4, 12, 15, 16, 4, 5, 11, 14, 17, 7, 13, 3, 1, 14, 13, 9, 2, 7, 11, 16, 5, 12, 13, 16, 11, 15, 9, 8, 4, 17, 17, 1, 5, 14, 7, 18, 9, 18, 16, 6, 5, 6, 7, 4, 9, 2, 14, 15, 16, 13, 5, 7, 1, 18, 12, 15, 8, 11, 16, 14, 11, 10, 5, 15, 15, 1, 9, 3, 16, 11, 18, 17, 1, 6, 7, 13, 11, 12, 16, 10, 5, 3, 10, 17, 7, 2, 13, 14, 4, 12, 16, 12, 17, 4, 18, 14, 10, 2, 14, 6, 7, 10, 12, 18, 15, 15, 14, 7, 3, 6, 2, 8, 17, 16, 15, 4, 2, 16, 8, 17, 8, 10, 18, 4, 7, 17, 2, 2, 4, 7, 12, 8, 4, 15, 8, 12, 3, 18, 9, 6, 3, 12, 14, 17, 12, 18, 9, 12, 18, 4, 9, 4, 12, 9, 9, 2, 6, 12, 6, 8, 9, 12, 9, 3, 3, 6, 1, 3, 6, 9, 12, 3, 6, 6, 6, 6, 3, 3, 3, 3, 14, 18, 15, 3, 3, 3, 3, 9
1 9 13 0 3, 5 13 30 0 10, 6 12 25 1 7, 4 12 43 0 15, 3 15 43 1 16, 7 11 39 0 11, 2 15 18 0 6, 8 8 47 0 14
8 10 41 0 16, 2 8 6 1 2, 12 4 25 0 5, 3 4 40 0 15, 13 7 39 0 12, 4 9 10 0 2, 6 1 42 1 11, 5 7 40 0 13, 7 6 25 0 6, 1 8 16 0 3, 14 10 37 0 10
8 12 9 0 2, 15 1 10 0 3, 5 2 19 0 5, 17 10 20 0 4, 11 2 29 0 10, 12 9 17 0 6, 18 6 30 0 10, 1 11 34 0 12, 9 14 33 0 9, 19 3 20 1 5, 7 5 39 0 12, 2 11 27 0 5, 16 15 44 0 11, 6 13 5 0 1, 10 3 39 0 15, 13 14 33 1 7, 3 6 9 0 2, 14 4 12 0 3, 4 6 27 0 7
9 3 5 0 1, 4 11 9 0 3, 1 2 18 1 5, 13 2 22 1 6, 14 10 18 0 6, 7 10 20 0 7, 11 7 36 0 8, 16 9 25 0 5, 10 9 33 0 7, 2 8 38 0 14, 3 9 20 0 5, 8 6 45 0 13, 12 14 31 1 9
14 12 13 1 3, 15 5 24 0 6, 17 3 21 0 7, 17 4 28 1 6, 17 3 21 0 7, 17 3 21 0 7, 1 5 36 0 11, 16 13 14 1 4, 18 7 34 0 12
12 7 42 0 11, 11 9 19 0 6, 19 12 15 1 4, 15 14 13 0 4, 5 3 36 0 12, 4 5 17 0 6, 13 6 46 0 15, 2 6 19 0 6, 1 4 33 1 10, 14 7 10 0 3, 3 5 14 0 4, 16 4 33 0 12, 17 12 44 1 17, 18 10 26 1 5, 20 11 25 0 5
10 12 5 0 1, 14 11 20 0 4, 16 6 15 0 3, 9 6 24 0 5, 1 7 12 0 3, 21 10 28 0 7, 7 3 22 0 5, 19 1 35 0 9, 17 7 20 0 7, 8 5 9 0 3, 11 2 47 0 15, 20 11 23 0 7, 18 13 26 0 9
1 4 50 1 13, 13 10 44 0 9, 17 10 34 1 11, 15 13 38 1 8, 12 10 49 0 17, 19 11 16 0 6, 14 14 31 0 7, 20 3 45 0 11, 16 14 28 0 10
15 5 14 0 5, 11 15 20 0 6, 19 13 10 0 2, 2 7 21 0 6, 1 14 23 0 4, 7 13 5 0 1, 3 10 25 0 7, 14 15 42 1 15, 10 4 19 0 4, 16 13 46 0 16, 18 11 11 0 3, 13 2 44 0 16, 6 1 37 0 8, 20 4 18 0 3, 12 6 41 0 12
9 9 19 1 5, 3 13 24 1 6, 2 15 20 0 7, 7 12 32 0 11, 8 12 44 0 12, 1 2 39 1 13, 10 12 45 0 15, 11 14 17 0 5
7 1 40 0 10, 6 10 27 0 8, 9 13 36 1 9, 8 2 6 0 1, 2 8 40 0 13, 1 6 30 0 11, 4 5 21 0 8, 3 13 8 0 3, 5 3 33 0 12
9 6 5 1 1, 7 8 19 0 4, 8 3 18 0 6, 13 3 22 1 8, 12 6 13 0 2, 1 11 29 0 11, 15 9 39 0 13, 14 13 9 1 2, 2 8 46 0 15, 5 15 24 0 6, 10 4 18 0 6, 6 2 42 0 11, 11 7 39 0 14, 3 5 5 1 1, 4 12 41 0 10, 18 13 19 1 6
15 13 9 0 1, 13 10 16 1 3, 17 8 15 0 4, 1 11 41 0 15, 12 6 38 0 8, 14 6 13 0 5, 18 2 44 1 10, 16 14 13 0 3
9 12 10 0 3, 1 9 43 1 10, 10 9 28 0 9, 2 1 10 1 2, 3 4 8 0 2, 11 4 42 0 9, 6 4 27 0 6, 12 14 29 0 6, 5 4 9 0 2, 13 10 7 0 2, 8 3 8 0 2
5 2 12 0 2, 1 11 18 0 5, 12 7 45 0 16, 7 9 47 0 16, 11 8 6 0 1, 13 1 9 1 2, 3 6 17 1 5, 10 14 50 0 11, 14 9 21 0 4, 15 1 42 1 10, 4 7 8 0 3, 6 5 43 0 10
18 11 18 0 3, 21 14 14 0 4, 16 12 6 0 1, 20 14 15 0 5, 7 5 5 0 1, 1 11 41 0 10, 8 5 16 0 5, 9 10 9 1 1, 11 8 30 1 9, 6 6 5 0 1, 10 11 11 0 2, 15 4 6 0 1, 17 13 19 0 5
15 8 7 0 1, 13 6 33 1 11, 18 2 15 1 3, 16 1 5 0 1, 12 8 17 0 4, 21 12 18 0 5, 7 11 19 0 4, 22 11 17 0 5, 1 11 44 0 11, 6 13 46 0 16, 2 10 13 1 3, 17 2 42 0 12
3 2 21 0 6, 12 15 36 0 13, 6 5 46 0 11, 1 3 8 1 2, 13 9 26 0 8, 2 6 12 0 2, 7 3 44 0 10, 8 13 10 1 2, 17 10 32 1 8, 16 15 19 0 5, 10 11 27 1 5, 11 10 48 0 18
