11, 10, 16, 18, 17, 2, 5, 5, 18, 10, 16, 11, 6, 12, 13, 9, 13, 14, 4, 17, 11, 10, 18, 16, 9, 4, 3, 8, 17, 5, 4, 17, 4, 8, 12, 13, 14, 2, 8, 9, 9, 5, 14, 5, 6, 16, 2, 18, 3, 11, 6, 11, 4, 14, 12, 13, 9, 4, 13, 16, 5, 4, 8, 18, 6, 13, 5, 17, 2, 16, 18, 2, 16, 12, 12, 14, 8, 11, 14, 3, 17, 10, 2, 4, 17, 14, 10, 18, 10, 14, 11, 12, 2, 12, 4, 16, 8, 11, 14, 9, 9, 17, 6, 10, 17, 2, 17, 4, 9, 6, 12, 14, 6, 9, 2, 11, 6, 12, 6, 17, 13, 13, 4, 8, 6, 12, 6, 12, 6, 6, 3, 18, 3, 12, 18, 2, 3, 9, 12, 3, 3, 18, 2, 3, 3, 9, 9, 18, 4, 10, 3, 4, 3, 6, 3, 9, 6, 6, 18, 12, 12, 9, 3, 3, 8, 3, 9, 3, 12, 9, 3, 3, 18, 8, 17
8 10 41 0 16, 4 9 10 0 2, 13 7 39 0 12, 2 8 6 1 2, 14 10 37 0 10, 5 1 33 0 10, 1 5 10 1 2, 12 8 26 1 8, 3 4 40 0 15, 7 6 25 0 6, 6 5 38 0 8
3 7 8 1 1, 17 12 33 0 8, 13 9 40 0 12, 8 1 6 0 1, 16 10 49 0 11, 5 2 19 0 5, 18 9 40 0 9, 1 11 34 0 12, 7 5 39 0 12, 19 3 20 1 5, 9 13 39 1 14, 11 2 29 0 10, 14 2 11 0 4, 15 1 10 0 3, 10 4 45 0 9, 2 8 29 1 9, 6 13 5 0 1, 12 12 16 0 4, 4 7 13 0 4
2 12 30 1 11, 1 2 18 1 5, 15 12 24 0 9, 3 9 20 0 5, 8 6 45 0 13, 4 11 9 0 3, 10 9 33 0 7, 9 3 5 0 1, 16 7 23 1 8, 11 11 41 0 8, 7 10 20 0 7, 13 1 28 0 6, 12 15 29 0 7
1 4 29 1 6, 15 5 24 0 6, 17 3 21 0 7, 14 8 11 1 3, 17 3 21 0 7, 16 13 14 1 4, 18 7 34 0 12
8 8 38 0 15, 7 9 17 0 6, 6 10 18 0 6, 15 2 14 0 4, 16 4 33 0 12, 3 5 14 0 4, 17 12 44 1 17, 9 11 15 0 4, 18 9 30 0 9, 5 6 33 1 8, 19 5 19 1 7, 2 3 21 0 8, 1 3 38 0 15, 20 9 24 0 6, 14 7 10 0 3, 4 8 20 0 7
18 7 15 0 3, 17 10 34 1 11, 20 3 45 0 11, 1 4 50 1 13, 14 14 31 0 7, 15 13 38 1 8, 12 3 43 1 15, 13 10 44 0 9, 16 14 28 0 10
7 13 5 0 1, 17 15 20 0 7, 9 4 10 0 3, 20 4 18 0 3, 11 15 20 0 6, 13 2 44 0 16, 2 7 21 0 6, 1 5 31 0 11, 8 12 44 1 14, 4 3 13 1 5, 14 15 42 1 15, 16 4 42 0 16, 5 6 5 1 1, 15 2 17 0 6, 6 6 29 1 10, 12 6 41 0 12
2 15 20 0 7, 1 4 33 0 9, 3 13 24 1 6, 7 12 32 0 11, 8 12 44 0 12, 9 9 19 1 5, 10 12 45 0 15, 11 14 17 0 5
8 7 8 1 2, 7 15 46 0 9, 2 14 36 0 7, 9 13 36 1 9, 3 5 13 0 4, 4 14 25 1 6, 6 10 27 0 8, 1 6 30 0 11, 5 3 33 0 12
8 3 18 0 6, 2 8 46 0 15, 1 1 31 0 10, 7 11 15 1 5, 5 15 24 0 6, 13 3 22 1 8, 18 13 19 1 6, 9 6 5 1 1, 3 11 11 0 3, 15 9 39 0 13, 14 8 8 0 2, 10 4 18 0 6, 4 12 41 0 10, 6 2 42 0 11, 11 7 39 0 14, 12 10 7 0 1
12 6 38 0 8, 14 13 14 0 3, 15 3 6 1 1, 17 8 15 0 4, 18 15 50 1 13, 13 10 16 1 3, 1 11 41 0 15, 16 14 13 0 3
1 9 43 1 10, 5 4 9 0 2, 9 12 10 0 3, 11 14 43 0 14, 12 14 29 0 6, 8 3 8 0 2, 4 3 18 0 5, 7 5 30 1 9, 10 15 25 0 8, 13 10 7 0 2
18 11 18 0 3, 2 7 32 0 8, 1 11 41 0 10, 4 4 40 0 10, 20 8 20 0 4, 3 6 39 0 13, 21 14 14 0 4, 5 1 25 1 9
2 10 13 1 3, 1 11 44 0 11, 21 3 15 0 3, 13 6 33 1 11, 7 11 19 0 4, 22 11 17 0 5, 16 1 5 0 1, 6 13 46 0 16, 18 2 15 1 3, 15 8 7 0 1, 12 8 17 0 4, 17 2 42 0 12
3 2 21 0 6, 14 2 11 1 3, 8 13 10 1 2, 12 5 31 0 11, 6 5 46 0 11, 15 1 16 0 4, 1 3 8 1 2, 2 6 12 0 2, 10 15 30 0 10, 16 4 18 0 3, 7 7 48 0 12, 11 10 48 0 18, 17 3 36 0 10
