2, 11, 5, 15, 11, 1, 12, 11, 1, 10, 1, 5, 10, 2, 12, 12, 2, 12, 6, 3, 10, 6, 12, 5, 11, 15, 6, 5, 15, 5, 3, 2, 15, 6, 11, 1, 2, 12, 6, 3, 11, 5, 1, 10, 1, 10, 12, 2, 11, 11, 2, 10, 15, 12, 6, 6, 12, 3, 3, 12, 12, 1, 15, 10, 11, 5, 2, 10, 3, 2, 2, 15, 6, 6, 10, 6, 3, 3, 3, 2, 3, 15, 3, 15, 6, 3, 15, 2, 6, 5, 12, 3, 12, 3, 3, 1, 6, 3, 6, 12, 3, 6, 12, 12, 3, 3, 6
1 14 10 1 2, 2 15 18 0 6, 5 13 30 0 10, 3 15 43 1 16, 4 12 43 0 15, 6 12 25 1 7, 7 11 39 0 11, 8 8 47 0 14
7 6 25 0 6, 10 14 24 0 6, 1 5 10 1 2, 14 12 40 0 12, 4 9 10 0 2, 11 11 42 0 9, 2 8 6 1 2, 5 1 33 0 10, 8 10 41 0 16, 9 2 10 1 3, 3 4 40 0 15, 6 5 38 0 8
7 5 39 0 12, 6 13 5 0 1, 1 11 34 0 12, 5 3 24 0 7, 2 11 27 0 5, 13 15 35 0 8, 16 15 44 0 11, 14 2 11 0 4, 17 13 39 0 11, 3 10 19 0 5, 4 7 13 0 4, 18 9 40 0 9, 19 3 20 1 5, 9 14 33 0 9, 10 3 39 0 15, 8 1 6 0 1, 15 1 10 0 3, 11 9 33 0 12, 12 14 21 1 6
1 4 29 1 6, 14 8 11 1 3, 2 10 41 0 11, 17 7 30 0 7, 15 3 27 1 6, 16 8 19 0 5, 17 3 21 0 7, 18 7 34 0 12
17 12 44 1 17, 15 14 13 0 4, 8 8 38 0 15, 5 6 33 1 8, 6 10 18 0 6, 18 10 26 1 5, 7 9 17 0 6, 1 4 33 1 10, 2 6 19 0 6, 20 9 24 0 6, 16 1 36 0 9, 3 5 14 0 4, 4 5 17 0 6, 19 5 19 1 7, 9 4 19 0 5, 14 7 10 0 3
4 10 22 0 6, 1 4 33 0 9, 5 4 37 1 9, 3 1 22 1 7, 9 9 19 1 5, 2 15 20 0 7, 6 5 10 1 2, 10 3 48 0 12, 11 14 17 0 5
1 6 30 0 11, 6 2 28 0 6, 4 5 21 0 8, 2 5 39 0 12, 7 1 40 0 10, 8 2 6 0 1, 3 13 8 0 3, 5 6 29 0 10, 9 13 36 1 9
13 2 26 0 10, 15 9 39 0 13, 9 6 5 1 1, 1 11 29 0 11, 14 1 5 0 1, 8 12 20 0 5, 10 4 18 0 6, 18 13 19 1 6, 3 5 5 1 1, 6 2 42 0 11, 11 7 39 0 14, 5 15 24 0 6, 4 12 41 0 10, 2 15 44 0 15, 7 11 15 1 5, 12 10 7 0 1
12 7 45 0 16, 1 11 18 0 5, 7 9 47 0 16, 6 5 43 0 10, 2 12 41 0 11, 14 9 21 0 4, 13 1 9 1 2, 15 12 47 0 15, 10 14 50 0 11, 11 8 6 0 1
