4, 14, 7, 18, 7, 13, 18, 8, 9, 18, 17, 13, 17, 16, 16, 9, 14, 18, 7, 7, 13, 14, 17, 13, 8, 9, 18, 16, 16, 7, 13, 17, 18, 17, 4, 18, 13, 14, 14, 18, 4, 13, 8, 4, 16, 17, 4, 14, 8, 7, 7, 14, 14, 7, 9, 16, 4, 4, 4, 17, 18, 17, 16, 8, 8, 17, 9, 9, 7, 4, 17, 9, 8, 16, 7, 9, 18, 4, 7, 13, 17, 9, 9, 8, 18, 9, 4, 8, 18, 7, 14, 8, 9, 9, 14, 17, 17, 9, 4, 4, 8, 9, 9
1 2 18 1 5, 2 12 30 1 11, 7 1 23 0 8, 3 9 20 0 5, 15 12 24 0 9, 13 6 21 0 7, 8 6 45 0 13, 10 9 33 0 7, 4 5 8 0 2, 9 12 9 1 2, 16 9 25 0 5, 11 7 36 0 8, 12 14 31 1 9
1 7 12 0 3, 7 3 22 0 5, 20 5 22 1 8, 9 6 24 0 5, 8 5 9 0 3, 10 12 5 0 1, 21 10 28 0 7, 19 1 35 0 9, 11 2 47 0 15, 12 1 27 0 5, 13 9 18 0 6, 18 13 26 0 9
1 4 50 1 13, 17 10 34 1 11, 19 11 16 0 6, 20 12 48 0 15, 2 8 23 0 8, 3 12 35 0 9, 6 13 33 0 10, 7 3 35 1 10, 8 6 16 0 5, 10 5 23 0 7, 11 5 16 0 5
9 7 9 1 3, 13 2 44 0 16, 1 12 21 0 6, 14 15 42 1 15, 11 15 20 0 6, 4 3 13 1 5, 2 7 21 0 6, 7 13 5 0 1, 8 8 39 0 9, 20 4 18 0 3, 5 12 10 1 3, 6 6 29 1 10, 16 4 42 0 16, 17 15 20 0 7, 15 5 14 0 5, 12 6 41 0 12
12 6 38 0 8, 14 6 13 0 5, 17 8 15 0 4, 18 2 44 1 10, 15 3 6 1 1, 13 9 21 0 6, 1 11 41 0 15, 16 14 13 0 3
9 15 19 0 6, 10 15 25 0 8, 1 9 43 1 10, 4 3 18 0 5, 6 3 29 0 7, 12 14 29 0 6, 11 4 42 0 9, 5 4 9 0 2, 13 10 7 0 2, 8 3 8 0 2
20 14 15 0 5, 1 11 41 0 10, 18 11 18 0 3, 4 5 43 0 9, 21 14 14 0 4, 2 7 32 0 8, 3 3 33 0 11, 5 6 31 1 8
1 11 44 0 11, 6 13 46 0 16, 19 6 7 1 1, 16 1 5 0 1, 13 6 33 1 11, 20 9 5 1 1, 15 8 7 0 1, 7 11 19 0 4, 2 10 13 1 3, 18 2 15 1 3, 22 11 17 0 5, 17 2 42 0 12, 12 4 21 0 4
1 3 8 1 2, 5 9 17 1 3, 7 3 44 0 10, 9 8 16 0 6, 6 8 47 1 14, 13 9 26 0 8, 12 5 31 0 11, 4 1 13 0 3, 16 4 18 0 3, 10 3 28 0 6, 17 14 35 0 11, 11 13 50 0 17
