7, 4, 9, 17, 13, 5, 15, 16, 14, 9, 18, 17, 8, 8, 9, 17, 14, 13, 16, 16, 15, 4, 4, 6, 7, 4, 9, 6, 7, 18, 18, 15, 7, 17, 5, 15, 15, 17, 4, 14, 5, 14, 15, 17, 17, 17, 5, 13, 5, 7, 7, 6, 9, 8, 4, 13, 14, 6, 18, 9, 18, 7, 16, 14, 6, 8, 16, 6, 17, 16, 16, 14, 13, 5, 7, 18, 9, 14, 13, 8, 13, 9, 6, 14, 14, 17, 6, 13, 4, 18, 16, 9, 6, 7, 4, 15, 18, 4, 15, 17, 17, 9, 8, 9, 9, 7, 18, 18, 7, 8, 4, 15, 7, 18, 5, 4, 8, 6, 6, 6, 8, 4, 6, 17, 6, 6, 6, 18, 9, 15, 4, 9, 9, 9
15 12 24 0 9, 2 12 30 1 11, 13 6 21 0 7, 4 11 9 0 3, 1 2 18 1 5, 11 7 36 0 8, 7 10 20 0 7, 3 9 20 0 5, 9 3 5 0 1, 8 6 45 0 13, 10 9 33 0 7, 16 9 25 0 5, 12 15 29 0 7
1 4 29 1 6, 15 5 24 0 6, 14 8 11 1 3, 17 14 29 1 6, 17 3 21 0 7, 16 8 19 0 5, 18 7 34 0 12
8 8 38 0 15, 7 15 24 0 6, 16 8 34 0 12, 19 12 15 1 4, 3 5 14 0 4, 17 1 47 0 16, 15 14 13 0 4, 5 11 39 0 14, 6 10 18 0 6, 9 11 15 0 4, 1 11 36 0 10, 18 10 26 1 5, 20 11 25 0 5, 2 6 19 0 6, 4 5 17 0 6, 14 10 14 0 3
7 3 22 0 5, 20 5 22 1 8, 9 2 28 0 6, 10 12 5 0 1, 12 1 27 0 5, 8 5 9 0 3, 19 2 31 0 10, 21 10 28 0 7, 1 8 17 0 5, 11 9 48 1 18, 13 14 20 0 7, 18 13 26 0 9
17 10 34 1 11, 13 10 44 0 9, 15 10 36 0 11, 16 14 28 0 10, 14 14 31 0 7, 1 4 50 1 13, 18 7 15 0 3, 12 3 43 1 15, 20 3 45 0 11
7 11 9 1 2, 1 9 27 0 9, 2 7 21 0 6, 17 1 27 1 6, 4 15 15 0 3, 5 6 5 1 1, 15 5 14 0 5, 9 14 14 0 4, 8 8 39 0 9, 14 15 42 1 15, 11 15 20 0 6, 13 2 44 0 16, 6 6 29 1 10, 20 4 18 0 3, 16 4 42 0 16, 12 4 45 0 16
17 8 15 0 4, 18 2 44 1 10, 13 12 18 0 5, 14 6 13 0 5, 1 13 50 1 18, 15 6 5 0 1, 12 13 41 0 12, 16 14 13 0 3
12 14 29 0 6, 4 3 18 0 5, 6 4 27 0 6, 11 4 42 0 9, 5 4 9 0 2, 1 9 43 1 10, 13 10 7 0 2, 10 15 25 0 8, 9 5 18 1 6, 8 3 8 0 2
12 7 45 0 16, 10 14 50 0 11, 11 8 6 0 1, 7 9 47 0 16, 14 9 21 0 4, 13 1 9 1 2, 6 4 48 0 10, 1 11 18 0 5, 2 12 41 0 11, 15 1 42 1 10
5 1 25 1 9, 4 4 40 0 10, 2 7 32 0 8, 20 14 15 0 5, 1 11 41 0 10, 18 11 18 0 3, 3 3 33 0 11, 21 14 14 0 4
20 11 9 0 2, 6 13 46 0 16, 1 11 44 0 11, 22 11 17 0 5, 7 11 19 0 4, 13 6 33 1 11, 18 2 15 1 3, 19 6 7 1 1, 15 5 8 0 1, 16 1 5 0 1, 17 2 42 0 12, 2 5 16 1 3, 12 8 17 0 4
13 9 26 0 8, 5 9 17 1 3, 7 3 44 0 10, 1 8 13 0 3, 16 4 18 0 3, 9 15 13 0 3, 12 5 31 0 11, 4 10 18 0 4, 10 11 27 1 5, 11 10 48 0 18, 6 5 46 0 11, 17 14 35 0 11
