17, 11, 8, 11, 15, 2, 8, 2, 15, 11, 14, 17, 3, 5, 17, 18, 2, 17, 12, 5, 18, 15, 8, 6, 5, 5, 11, 6, 12, 15, 14, 14, 9, 18, 5, 15, 3, 15, 17, 6, 8, 6, 3, 12, 14, 9, 6, 5, 18, 2, 14, 2, 18, 9, 11, 12, 8, 17, 17, 15, 3, 5, 8, 17, 9, 14, 17, 11, 11, 12, 2, 12, 11, 15, 9, 14, 8, 17, 12, 3, 12, 18, 12, 2, 2, 18, 9, 14, 14, 15, 18, 17, 6, 11, 8, 12, 12, 15, 9, 6, 2, 17, 3, 3, 14, 3, 12, 2, 6, 12, 17, 3, 2, 3, 15, 18, 9, 17, 6, 18, 9, 9, 3, 2, 9, 12, 3, 6, 3, 3, 9, 12, 18, 9, 8, 6, 3, 6, 12, 6, 6, 3, 18, 3, 3, 3, 9, 6, 6
8 15 44 0 11, 10 14 24 0 6, 3 4 40 0 15, 5 1 33 0 10, 9 2 10 1 3, 11 6 38 0 10, 1 5 10 1 2, 6 5 38 0 8, 4 12 13 0 3, 2 8 6 1 2, 7 6 25 0 6, 14 10 37 0 10
13 14 33 1 7, 17 13 39 0 11, 2 11 27 0 5, 8 12 9 0 2, 1 7 36 0 12, 6 13 5 0 1, 18 7 29 0 10, 14 2 11 0 4, 15 8 19 0 4, 3 14 12 0 2, 4 7 13 0 4, 10 3 39 0 15, 5 2 19 0 5, 11 2 29 0 10, 9 14 33 0 9, 7 5 39 0 12, 16 15 44 0 11, 19 10 40 0 11, 12 14 21 1 6
17 3 21 0 7, 15 13 26 0 6, 14 2 14 0 3, 17 2 27 0 6, 16 13 14 1 4, 1 4 29 1 6, 18 10 40 0 8
17 1 47 0 16, 19 12 15 1 4, 4 8 20 0 7, 5 11 39 0 14, 15 2 14 0 4, 2 6 19 0 6, 3 5 14 0 4, 16 5 31 1 11, 9 11 15 0 4, 1 3 38 0 15, 10 8 14 0 5, 6 10 18 0 6, 7 9 17 0 6, 20 9 24 0 6, 18 9 30 0 9, 14 7 10 0 3
1 4 50 1 13, 15 10 36 0 11, 13 10 44 0 9, 17 10 34 1 11, 18 7 15 0 3, 14 13 32 0 8, 12 3 43 1 15, 20 3 45 0 11, 16 14 28 0 10
13 2 44 0 16, 2 7 21 0 6, 17 15 20 0 7, 1 14 23 0 4, 3 13 20 0 6, 7 13 5 0 1, 6 5 39 1 9, 20 6 23 0 8, 10 14 10 0 2, 14 15 42 1 15, 11 15 20 0 6, 15 5 14 0 5, 16 4 42 0 16, 12 6 41 0 12
8 7 8 1 2, 9 5 40 0 10, 7 1 40 0 10, 1 6 30 0 11, 2 8 40 0 13, 4 8 29 0 11, 6 10 27 0 8, 3 13 8 0 3, 5 4 31 0 9
1 11 29 0 11, 13 3 22 1 8, 8 12 20 0 5, 4 12 41 0 10, 5 15 24 0 6, 3 5 5 1 1, 2 15 44 0 15, 15 9 39 0 13, 10 4 18 0 6, 6 13 45 0 12, 9 14 7 0 2, 11 7 39 0 14, 14 1 5 0 1, 18 9 22 1 5, 12 10 7 0 1, 7 11 15 1 5
1 9 43 1 10, 4 3 18 0 5, 12 14 29 0 6, 6 4 27 0 6, 5 4 9 0 2, 11 4 42 0 9, 8 3 8 0 2, 9 15 19 0 6, 10 15 25 0 8, 13 6 9 1 3
9 8 22 1 7, 11 8 6 0 1, 12 7 45 0 16, 13 1 9 1 2, 14 6 24 1 6, 7 9 47 0 16, 8 8 28 1 6, 1 11 18 0 5, 2 12 41 0 11, 15 1 42 1 10, 6 4 48 0 10
13 6 33 1 11, 1 11 44 0 11, 8 9 17 1 4, 10 13 16 0 4, 9 2 29 0 6, 19 1 6 0 2, 11 1 24 0 5, 16 1 5 0 1, 17 2 42 0 12, 12 8 17 0 4, 15 5 8 0 1, 18 2 15 1 3, 20 11 9 0 2, 22 11 17 0 5
12 5 31 0 11, 3 2 21 0 6, 6 5 46 0 11, 7 3 44 0 10, 13 9 26 0 8, 11 13 50 0 17, 8 13 10 1 2, 16 4 18 0 3, 1 3 8 1 2, 2 8 13 0 4, 10 11 27 1 5, 17 10 32 1 8
