17, 13, 1, 11, 16, 4, 11, 7, 7, 16, 8, 5, 18, 6, 5, 9, 15, 4, 13, 6, 17, 14, 16, 12, 16, 15, 1, 11, 9, 4, 18, 1, 4, 6, 15, 5, 12, 1, 5, 14, 12, 18, 4, 16, 16, 8, 13, 6, 13, 13, 7, 12, 11, 14, 11, 17, 8, 16, 15, 7, 5, 1, 11, 14, 16, 14, 13, 11, 5, 9, 15, 4, 14, 1, 17, 14, 5, 4, 12, 11, 9, 16, 4, 14, 15, 7, 14, 16, 6, 18, 18, 14, 11, 18, 9, 4, 17, 4, 17, 6, 14, 6, 1, 13, 13, 9, 8, 15, 7, 8, 16, 6, 17, 6, 6, 15, 17, 16, 7, 18, 9, 7, 4, 12, 9, 16, 12, 15, 15, 12, 9, 18, 6, 18, 7, 6, 12, 7, 8, 17, 9, 7, 12, 18, 9, 18, 15, 9, 6, 9, 15, 8, 9, 12, 6, 12, 18, 17, 8, 6, 6, 18, 9, 12, 4, 4, 1, 12, 12, 17, 17, 17, 9, 8, 7, 12
3 15 43 1 16, 1 9 13 0 3, 5 13 30 0 10, 4 12 43 0 15, 7 11 39 0 11, 2 11 24 1 8, 6 4 32 0 9, 8 8 47 0 14
13 6 21 0 7, 15 12 24 0 9, 2 12 30 1 11, 16 9 25 0 5, 4 5 8 0 2, 1 2 18 1 5, 3 9 20 0 5, 7 10 20 0 7, 8 6 45 0 13, 9 12 9 1 2, 10 9 33 0 7, 11 11 41 0 8, 12 15 29 0 7
17 7 30 0 7, 15 13 26 0 6, 1 5 36 0 11, 14 8 11 1 3, 16 13 14 1 4, 17 3 21 0 7, 18 14 35 0 12
15 13 16 1 4, 6 10 18 0 6, 5 3 36 0 12, 7 15 24 0 6, 4 8 20 0 7, 16 8 34 0 12, 3 5 14 0 4, 10 8 14 0 5, 2 6 19 0 6, 19 5 19 1 7, 1 4 33 1 10, 18 10 26 1 5, 9 4 19 0 5, 20 9 24 0 6, 17 1 47 0 16, 14 7 10 0 3
1 8 17 0 5, 2 2 7 0 2, 20 6 18 0 6, 21 10 28 0 7, 19 2 31 0 10, 3 11 30 0 8, 6 4 46 0 11, 10 12 5 0 1, 11 2 47 0 15, 12 1 27 0 5, 13 9 18 0 6, 18 13 26 0 9
1 4 50 1 13, 12 10 49 0 17, 15 13 38 1 8, 17 10 34 1 11, 13 10 44 0 9, 14 13 32 0 8, 19 11 16 0 6, 20 3 45 0 11, 16 14 28 0 10
1 12 21 0 6, 2 7 21 0 6, 8 8 39 0 9, 19 2 9 0 3, 13 2 44 0 16, 9 7 9 1 3, 14 15 42 1 15, 15 6 20 0 4, 3 7 21 0 4, 11 15 20 0 6, 16 4 42 0 16, 6 6 29 1 10, 7 4 7 1 2, 20 12 25 0 9, 18 9 17 0 4, 12 6 41 0 12
8 2 6 0 1, 1 1 38 0 11, 6 10 27 0 8, 7 1 40 0 10, 9 13 36 1 9, 2 15 44 1 13, 3 11 9 0 3, 4 5 21 0 8, 5 6 29 0 10
1 11 29 0 11, 14 1 5 0 1, 3 5 5 1 1, 8 3 18 0 6, 11 7 39 0 14, 15 9 39 0 13, 9 6 5 1 1, 5 15 24 0 6, 13 2 26 0 10, 4 12 41 0 10, 18 5 21 0 7, 2 15 44 0 15, 6 2 42 0 11, 10 4 18 0 6, 7 11 15 1 5, 12 10 7 0 1
1 4 47 1 17, 18 2 44 1 10, 15 4 4 0 1, 14 6 13 0 5, 12 6 38 0 8, 13 1 22 0 6, 17 9 16 0 5, 16 14 13 0 3
12 14 29 0 6, 1 3 46 0 18, 13 10 7 0 2, 11 4 42 0 9, 10 9 28 0 9, 6 4 27 0 6, 2 12 13 0 4, 9 12 10 0 3, 3 4 8 0 2, 5 4 9 0 2, 8 3 8 0 2
7 9 47 0 16, 12 7 45 0 16, 10 14 50 0 11, 3 6 17 1 5, 14 9 21 0 4, 13 1 9 1 2, 1 11 18 0 5, 4 7 8 0 3, 11 8 6 0 1, 15 1 42 1 10, 5 2 12 0 2, 6 5 43 0 10
9 1 12 0 3, 1 11 41 0 10, 10 11 11 0 2, 7 6 9 0 2, 11 8 30 1 9, 15 7 10 0 3, 18 5 27 1 9, 8 5 16 0 5, 6 6 5 0 1, 20 14 15 0 5, 21 14 14 0 4, 16 9 5 0 1, 17 13 19 0 5
16 1 5 0 1, 18 2 15 1 3, 1 11 44 0 11, 21 12 18 0 5, 10 15 13 0 2, 8 1 20 1 5, 11 1 24 0 5, 9 2 29 0 6, 22 11 17 0 5, 13 6 33 1 11, 15 8 7 0 1, 12 8 17 0 4, 17 2 42 0 12
14 2 11 1 3, 4 5 16 0 5, 9 15 13 0 3, 15 1 16 0 4, 7 3 44 0 10, 16 4 18 0 3, 5 9 17 1 3, 10 11 27 1 5, 17 10 32 1 8, 11 10 48 0 18, 12 13 32 1 6, 1 8 13 0 3, 6 5 46 0 11
